# t = 1
# W = 100
# L = 200
# alpha = 0.025
# xic = 2.5231325220201604
# plate_distance = 25.231325220201605
# E_dis = 3.141592653589793e-07
# E_img = 15.853309190424046
# ei = 0.12566370614359174
# ef = 0.9738937226128359
# Ne = 1200
# iter_dis = 1
# Ncore = 5
Energies G0 GIMG
0.12566370614359174 5.535882402883647e-75 1.3798651811584947e-65
0.12637115403055524 1.1130048061168433e-74 3.09747153072369e-65
0.12707860191751874 7.390219523386408e-74 7.001066080962519e-65
0.12778604980448224 2.4362594372398082e-73 1.5936449818059584e-64
0.12849349769144577 2.934016398583629e-73 3.6540598905838786e-64
0.12920094557840928 2.174205464679033e-73 8.441214784736732e-64
0.12990839346537278 3.256829578764246e-72 1.9650384516459739e-63
0.13061584135233628 1.1626785138666688e-71 4.610727273252988e-63
0.13132328923929978 8.520703390755916e-72 1.090687705632862e-62
0.1320307371262633 1.7808620346721244e-71 2.601779807059621e-62
0.1327381850132268 1.7965296420234844e-70 6.260291235407691e-62
0.13344563290019032 3.072984073327711e-70 1.5198422871535249e-61
0.13415308078715382 1.2050563701750835e-70 3.724135279964154e-61
0.13486052867411732 2.2285865575654893e-69 9.213944413750121e-61
0.13556797656108083 6.846382743037025e-69 2.3029237273712563e-60
0.13627542444804433 2.6560643204809305e-69 5.819155362642653e-60
0.13698287233500783 4.947414891889516e-68 1.4889033360784287e-59
0.13769032022197134 1.8056988267248696e-67 3.8938804747910986e-59
0.13839776810893484 7.648459464936031e-68 1.044320425769433e-58
0.13910521599589837 3.0095697963612756e-66 2.759307864678778e-58
0.13981266388286187 1.8502487474776968e-66 7.34337673678797e-58
0.14052011176982537 2.662528747388393e-65 1.9724021120134032e-57
0.14122755965678888 4.84134612794887e-65 5.352085081861931e-57
0.14193500754375238 2.4459667412058466e-64 1.4681473506107274e-56
0.14264245543071588 6.473409664560622e-64 4.0735565699137062e-56
0.14334990331767938 4.4130747294816894e-63 1.1438003784295853e-55
0.1440573512046429 3.9744480019206185e-63 3.25165054573674e-55
0.14476479909160642 1.4053795062618162e-61 9.36345880446111e-55
0.14547224697856992 2.549409395277691e-61 2.7324378545891674e-54
0.14617969486553342 4.231869124589948e-61 8.084486219997382e-54
0.14688714275249692 1.7106784183834353e-59 2.4263595619034285e-53
0.14759459063946043 1.5626436254567994e-58 7.390578545709938e-53
0.14830203852642393 1.2042371046576052e-57 2.285867622545267e-52
0.14900948641338746 1.052989624533499e-56 7.18310254702519e-52
0.14971693430035096 2.9260038188372277e-56 2.2946255980474097e-51
0.15042438218731446 1.7110075367763513e-54 7.456131089398324e-51
0.15113183007427797 2.623399444186225e-54 2.466007642811347e-50
0.15183927796124147 1.2704047105219434e-51 8.307059163741708e-50
0.15254672584820497 1.2186101656939507e-49 2.852214709639332e-49
0.15325417373516848 3.165207491235588e-47 9.989142989817131e-49
0.153961621622132 1.3799203078178357e-39 3.5713762518031595e-48
0.1546690695090955 0.9992877124720858 1.3046027972713702e-47
0.155376517396059 0.9989447853268434 4.873680513009009e-47
0.1560839652830225 0.9997808687011299 1.863816899687233e-46
0.15679141316998602 0.9996360894393357 7.304392766807932e-46
0.15749886105694952 0.9973982082258444 2.937042848735802e-45
0.15820630894391302 0.9990016121548618 1.2132428149519098e-44
0.15891375683087655 0.99994571425271 5.156322180024162e-44
0.15962120471784005 0.9999977595074143 2.2587011750291325e-43
0.16032865260480356 0.999838465056049 1.022255148402608e-42
0.16103610049176706 0.9986013763198052 4.805233404129138e-42
0.16174354837873056 0.9972887114502214 2.3755108656940664e-41
0.16245099626569406 0.997418471060893 1.1846885632195909e-40
0.16315844415265757 0.9998034703246799 6.114582984668266e-40
0.1638658920396211 0.9988839517842779 3.278548958673583e-39
0.1645733399265846 0.9985974716296101 1.8315488360961222e-38
0.1652807878135481 0.9998886950768116 1.0691635287176599e-37
0.1659882357005116 0.9985296720310212 6.541974113050119e-37
0.1666956835874751 0.9999966412720639 4.210077247388439e-36
0.1674031314744386 0.9987277004867515 2.860407734651744e-35
0.1681105793614021 0.9999844049782697 2.060447690905982e-34
0.16881802724836564 0.9989361701933823 1.5811440736834213e-33
0.16952547513532915 0.999832431112745 1.2996633366950888e-32
0.17023292302229265 0.9993332310124232 1.1515195122161128e-31
0.17094037090925615 0.9994112237396312 1.107812502907254e-30
0.17164781879621965 0.9998724803965283 1.1671909817446612e-29
0.17235526668318316 0.9990927363967874 1.3605850156206005e-28
0.17306271457014666 0.9999029566430762 1.7764390682958782e-27
0.1737701624571102 0.9995328136433178 2.637191690968315e-26
0.1744776103440737 0.9992751987218139 4.535618396753062e-25
0.1751850582310372 0.9999953878619692 9.255718196180031e-24
0.1758925061180007 0.9994097592033561 2.3123909298340384e-22
0.1765999540049642 0.9993604419234096 7.379699796320896e-21
0.1773074018919277 0.9999982451556528 3.1953125375277086e-19
0.1780148497788912 0.9994416344950648 2.0554804768506228e-17
0.17872229766585473 0.9992854323667067 2.2802143437392524e-15
0.17942974555281824 0.9999627984608654 5.771609385386948e-13
0.18013719343978174 0.9996045761947788 6.540651771438045e-10
0.18084464132674524 0.999126811803189 0.00011548908644815029
0.18155208921370874 0.9997626700502659 0.6667166610391579
0.18225953710067225 0.9998719906844775 0.18103437674154452
0.18296698498763575 0.9990869432456002 0.26500334470956616
0.18367443287459928 0.9992674817622642 0.7966089748959548
0.18438188076156278 0.9999882514404285 0.5092496856364367
0.18508932864852629 0.9993871349168986 0.2697204790861337
0.1857967765354898 0.9985858912189874 0.7780172693328397
0.1865042244224533 0.9994881112083244 0.4456694401066034
0.1872116723094168 0.9996850279749604 0.5577322106988295
0.1879191201963803 0.9989227117774993 0.6072532976410598
0.18862656808334383 0.9993069593494903 0.5806438322295616
0.1893340159703073 0.999959784368015 0.627220032888
0.19004146385727083 0.9997901315146379 0.7102207492251799
0.19074891174423433 0.9993522143270206 0.5730680828433679
0.19145635963119784 0.9994973532991319 0.9244459759480461
0.19216380751816134 0.9999269032797222 0.5492631491373463
0.19287125540512484 0.9999301959112222 0.9710817520475037
0.19357870329208837 0.9995965323920135 0.6465886707213867
0.19428615117905185 0.999526094711447 0.738431005678792
0.19499359906601538 0.9998172399854458 0.9155172240812368
0.19570104695297888 0.9999999312064575 0.6351904207491743
0.19640849483994238 0.9998245244661378 0.9353778336355261
0.19711594272690589 0.999598982988314 0.79563902501885
0.1978233906138694 0.9996687106382424 0.7069376243949713
0.19853083850083292 0.9999187270624554 0.9972531616605746
0.1992382863877964 0.999987801897297 0.7625271897684589
0.19994573427475992 0.9997960874575998 0.777973658661035
0.20065318216172343 0.9996277813350042 0.9978043259893813
0.20136063004868693 0.9997150460317786 0.771150306083398
0.20206807793565043 0.9999328035566976 0.822571906979992
0.20277552582261393 0.9999884104836745 0.995003404885134
0.20348297370957746 0.9998126084211545 0.7959196636650678
0.20419042159654094 0.9996368329461753 0.8429200311723709
0.20489786948350447 0.9996857722684575 0.9978250191987901
0.20560531737046797 0.9998953735075317 0.828484194528688
0.20631276525743147 0.9999992475905558 0.8486628455527906
0.20702021314439498 0.9998594659004041 0.9999414886830887
0.20772766103135848 0.9996350396944179 0.8672445342403391
0.208435108918322 0.9995920523240777 0.8495330018974742
0.20914255680528548 0.9997855658017646 0.9938212868883342
0.20985000469224901 0.9999839819258847 0.9107911139050308
0.21055745257921252 0.9999266582031546 0.8542656395505626
0.21126490046617602 0.9996320289845179 0.9767138333628482
0.21197234835313952 0.9994079913657116 0.9539127968178802
0.21267979624010303 0.9995281947962804 0.8702658778976377
0.21338724412706656 0.9998890070961597 0.9540427651178981
0.21409469201403003 0.9998645596123238 0.9889080009563342
0.21480213990099356 0.9995427365302725 0.901992723888857
0.21550958778795706 0.9994738909124209 0.9266435465221076
0.21621703567492057 0.9996741804129432 0.9999340613242645
0.21692448356188407 0.9999184797237686 0.9358266057854423
0.21763193144884757 0.9999982113207726 0.9112292487200715
0.2183393793358111 0.9998926504611134 0.9878235296635923
0.21904682722277458 0.9997435775227828 0.9715028710546505
0.2197542751097381 0.9997013791325441 0.9137649039443919
0.2204617229967016 0.9997966284814254 0.9634770637727987
0.2211691708836651 0.9999357870348354 0.995436634580127
0.22187661877062861 0.9999999484135227 0.9333331083020315
0.22258406665759212 0.999948033748097 0.9415134378407
0.22329151454455565 0.9998403751074729 0.9987068405174984
0.22399896243151912 0.9997763571055249 0.9623093205761978
0.22470641031848265 0.9998088773640861 0.9327903280820138
0.22541385820544615 0.9999066680065082 0.9842762605127134
0.22612130609240966 0.9999877566436914 0.9881702525817796
0.22682875397937316 0.9999893675841914 0.940550207769222
0.22753620186633666 0.9999160137911574 0.964398425445352
0.2282436497533002 0.9998309440775607 0.9997764159463649
0.22895109764026367 0.9998029576595031 0.9604054134706549
0.2296585455272272 0.999852956451384 0.9513657750913477
0.2303659934141907 0.9999404205687649 0.9948460098935684
0.2310734413011542 0.9999969523474502 0.9826701653336732
0.2317808891881177 0.9999790437401288 0.9511654582816171
0.2324883370750812 0.9999001284903661 0.9807624481347796
0.23319578496204474 0.9998193955512357 0.9972219028893413
0.2339032328490082 0.9997972327652559 0.9625421907159002
0.23461068073597174 0.9998505411652086 0.9679480678832594
0.23531812862293525 0.9999398992520772 0.9993941719591499
0.23602557650989875 0.999997323720957 0.9791125477458837
0.23673302439686225 0.9999750343773696 0.9632497066004679
0.23744047228382575 0.9998811586909772 0.9921615755095949
0.23814792017078928 0.9997770108436407 0.9931077075122817
0.23885536805775276 0.9997363874619948 0.9677984595465087
0.2395628159447163 0.9997929035639953 0.9826942531594294
0.2402702638316798 0.9999101047311131 0.999599197795103
0.2409777117186433 0.9999956602944395 0.9782476408536267
0.2416851596056068 0.9999529824174985 0.977501890063564
0.2423926074925703 0.9997289430616291 0.9989905200724686
0.24310005537953383 0.9995644444195355 0.991032406374188
0.2438075032664973 0.999718258283989 0.9797790026478982
0.24451495115346084 0.9998851498195099 0.993212087785674
0.24522239904042434 0.9999858961628759 0.9984363266074917
0.24592984692738784 0.9999911592184334 0.9840674337412687
0.24663729481435134 0.9999276498626697 0.9873976383931712
0.24734474270131485 0.9998523276103928 0.9998883013362625
0.24805219058827838 0.9998161653926566 0.9906651754069178
0.24875963847524185 0.9998381544068861 0.9846967001432751
0.24946708636220538 0.9999009037265619 0.997268229930605
0.2501745342491689 0.9999661826281502 0.9964526344010282
0.2508819821361324 0.999998978984357 0.9856556031123599
0.25158943002309586 0.9999862202496834 0.9931860219589176
0.2522968779100594 0.9999411891875457 0.9995680701567311
0.2530043257970229 0.9998933310702509 0.9891671800627129
0.2537117736839864 0.9998706958383905 0.9898930243589127
0.2544192215709499 0.9998850575987152 0.9997738915808675
0.2551266694579134 0.9999271092768269 0.9934936226378689
0.25583411734487693 0.9999731402260476 0.9885352075359369
0.25654156523184046 0.9999986497075315 0.9979964546211354
0.25724901311880394 0.9999913085135124 0.9971442042872436
0.2579564610057674 0.9999567042032972 0.9891659830209508
0.25866390889273094 0.9999144863218524 0.9955317540070185
0.2593713567796945 0.9998875210384462 0.9993323881592722
0.260078804666658 0.9998899510323378 0.9911581408898477
0.2607862525536215 0.99992019784306 0.9934226705917732
0.26149370044058495 0.9999621541238751 0.9999997925361234
0.2622011483275485 0.9999936514041039 0.9936833224789541
0.262908596214512 0.9999977967334038 0.9922062573507275
0.2636160441014755 0.9999715343769738 0.9995573060326269
0.264323491988439 0.9999272779033868 0.9960531237518793
0.2650309398754025 0.999886870867021 0.9919530459158176
0.265738387762366 0.9998708077404754 0.9985675664149313
0.26644583564932955 0.999887870554781 0.9978738022290132
0.26715328353629303 0.9999301479031798 0.9924433527854809
0.2678607314232565 0.9999759591684981 0.9975182889982145
0.26856817931022003 0.9999996262575365 0.9990402817604912
0.26927562719718356 0.9999838763585193 0.9933493430303272
0.2699830750841471 0.9999292881963686 0.9967363792884207
0.27069052297111057 0.9998562367445956 0.9996436020058458
0.27139797085807404 0.9997978559910079 0.9943560538953387
0.2721054187450376 0.9997863900652028 0.9964584918230802
0.2728128666320011 0.9998388072322603 0.999836967937679
0.2735203145189646 0.9999802892594419 0.9958838443599886
0.2742277624059281 0.9999936862076229 0.9973663355838562
0.2749352102928916 0.9999457378873883 0.9999970476477338
0.2756426581798551 0.9998895129502047 0.9976129191918555
0.27635010606681865 0.9998565364206108 0.9974241769648415
0.2770575539537821 0.9998593416375838 0.9999271571114177
0.2777650018407456 0.9998926144548499 0.998500821568679
0.2784724497277091 0.999939318923818 0.9975779617216856
0.27917989761467266 0.9999796109135302 0.9997610682778295
0.2798873455016362 0.9999991035249041 0.9990660325081203
0.28059479338859966 0.999993676351512 0.9977982596305385
0.28130224127556314 0.9999696381429619 0.9995969717527968
0.28200968916252667 0.9999398857440701 0.9994232370417246
0.2827171370494902 0.9999180552095632 0.9980369368025417
0.28342458493645367 0.9999131136975887 0.9994720486760856
0.2841320328234172 0.9999263561924461 0.9996411189621077
0.2848394807103807 0.9999516489379798 0.9982604113475554
0.2855469285973442 0.999978479110223 0.9993954024178391
0.28625437648430774 0.9999963941582599 0.9997678914268977
0.2869618243712712 0.9999990487897022 0.9984501146901329
0.2876692722582347 0.9999863861720587 0.9993635990821081
0.2883767201451982 0.9999642884992469 0.9998365970126447
0.28908416803216175 0.999942008804466 0.9985985337500158
0.2897916159191253 0.9999284798223402 0.9993692593536255
0.29049906380608875 0.999928926586273 0.9998679010729806
0.29120651169305223 0.9999430093899544 0.9987050738743288
0.29191395958001576 0.999965104692292 0.9994054351137506
0.2926214074669793 0.999986537165802 0.9998724404829918
0.29332885535394276 0.9999988889547384 0.9987731901910154
0.29403630324090624 0.999997160170041 0.999467392329091
0.29474375112786977 0.9999816419530323 0.9998525565906746
0.2954511990148333 0.999957843139963 0.9988090236933087
0.29615864690179683 0.9999345066976438 0.9995526717966392
0.2968660947887603 0.9999204197854518 0.9998031466002857
0.2975735426757238 0.9999211374390687 0.9988215790657418
0.2982809905626873 0.9999367729665558 0.9996597354223257
0.29898843844965084 0.999961656363403 0.9997113818329616
0.29969588633661437 0.9999860454096511 0.998824460062209
0.30040333422357784 0.999999391176316 0.9997847288554389
0.3011107821105413 0.9999941260108378 0.9995544270878286
0.30181822999750485 0.9999687272269113 0.9988394178641096
0.3025256778844684 0.9999289871919959 0.9999141462742772
0.30323312577143186 0.9998869451029527 0.9992888568099122
0.30394057365839533 0.999857662902732 0.998904053276566
0.30464802154535886 0.9998548157282993 0.9999996369620164
0.3053554694323224 0.9998879214074339 0.9986988216108316
0.3060629173192859 0.9999873591623366 0.9994630212756277
0.3067703652062494 0.9999988288392553 0.9998003778845804
0.30747781309321287 0.9999783002670738 0.999058498990536
0.3081852609801764 0.9999472378245162 0.999862487062597
0.30889270886713993 0.9999211062520772 0.9996741462122529
0.30960015675410346 0.9999092915901959 0.9993795650421822
0.31030760464106694 0.9999144202698358 0.999987455669425
0.3110150525280304 0.9999331453353737 0.9996092303257573
0.31172250041499394 0.9999582821263552 0.9996426817248577
0.31242994830195747 0.999981605906293 0.9999906465403817
0.31313739618892095 0.999996486375996 0.9996140442116132
0.3138448440758844 0.9999996713801743 0.9998409789838189
0.31455229196284795 0.9999918461486492 0.9999342727357394
0.3152597398498115 0.9999769733926519 0.9996828088645062
0.315967187736775 0.9999607524991275 0.9999597481126008
0.3166746356237385 0.999948738349784 0.9998701148720945
0.31738208351070196 0.9999446926444545 0.9997899470750335
0.3180895313976655 0.9999496138990035 0.9999996313607158
0.318796979284629 0.9999616581859925 0.9998372964139782
0.31950442717159255 0.9999768949129804 0.9998973053700145
0.32021187505855603 0.9999906147525632 0.9999837119689962
0.3209193229455195 0.9999987764678612 0.9998508945517578
0.32162677083248303 0.9999991719035859 0.999971131406655
0.32233421871944656 0.9999919959389487 0.9999494174696735
0.32304166660641004 0.9999796934323761 0.9998982527542049
0.3237491144933735 0.9999661631221199 0.9999990910730383
0.32445656238033704 0.9999555719751068 0.999929168778425
0.3251640102673006 0.9999511285977514 0.9999509257985458
0.3258714581542641 0.999954160678306 0.9999938643210763
0.3265789060412276 0.9999637456793634 0.9999338037043131
0.32728635392819105 0.9999769859224454 0.9999860002952167
0.3279938018151546 0.9999898425332582 0.9999787924037359
0.3287012497021181 0.999998293535194 0.9999532096682089
0.3294086975890816 0.9999994969498278 0.9999991209928232
0.3301161454760451 0.9999926399695901 0.9999684497267133
0.3308235933630086 0.9999792383681327 0.9999725657469178
0.3315310412499721 0.999962793890036 0.9999984562838229
0.33223848913693566 0.9999478843395262 0.9999625580440158
0.33294593702389913 0.9999389093329025 0.9999861971522576
0.3336533849108626 0.999938807573852 0.9999891251949422
0.33436083279782614 0.9999480765950921 0.9999553661771579
0.33506828068478967 0.999964359394028 0.9999966909159387
0.3357757285717532 0.9999827286079648 0.999962200857294
0.33648317645871667 0.9999966244709323 0.9999507406739279
0.33719062434568015 0.9999992129600989 0.9999958882017256
0.3378980722326437 0.9999847031832313 0.999892438831579
0.3386055201196072 0.9999485021383285 0.9999759737790503
0.3393129680065707 0.9998742819377915 0.999845652718171
0.3400204158935342 0.9998763610537236 0.9999089862372972
0.3407278637804977 0.9999101570025746 0.9998793325597802
0.3414353116674612 0.9999450744589802 0.9998430808071511
0.34214275955442475 0.9999743245705977 0.9999712096678921
0.3428502074413882 0.9999931658926454 0.999805356395765
0.3435576553283517 0.999999954547833 0.9999994251964215
0.3442651032153152 0.9999960316900398 0.9998341977449459
0.34497255110227876 0.9999849389281527 0.9999623213294795
0.3456799989892423 0.9999712668157866 0.9999069063031336
0.34638744687620576 0.9999594438091892 0.9999031547946927
0.34709489476316924 0.9999527370928976 0.999973678450062
0.34780234265013277 0.999952653821488 0.9998690352842214
0.3485097905370963 0.9999588210507447 0.9999999005006541
0.3492172384240598 0.999969310174247 0.9998784563061379
0.3499246863110233 0.9999812801221 0.9999844358482867
0.3506321341979868 0.9999917591751798 0.9999186148082126
0.3513395820849503 0.9999983750178711 0.9999497028426061
0.35204702997191384 0.9999998739906457 0.9999634182157484
0.3527544778588773 0.9999963326359302 0.999920902039976
0.3534619257458408 0.9999890415048215 0.999992564427621
0.3541693736328043 0.9999801152088157 0.9999116761219862
0.35487682151976785 0.9999719384801147 0.9999998130345963
0.3555842694067314 0.9999665853903381 0.9999218276863823
0.35629171729369485 0.9999653445601185 0.9999904692393458
0.35699916518065833 0.9999684507244089 0.9999429957635382
0.35770661306762186 0.9999750714275444 0.99997429691599
0.3584140609545854 0.999983539065755 0.9999656890898053
0.35912150884154886 0.9999917655813743 0.9999595672363215
0.3598289567285124 0.9999977404026735 0.9999835971333243
0.36053640461547587 0.9999999983366861 0.9999505203812213
0.3612438525024394 0.999997954716024 0.9999945271983691
0.36195130038940293 0.9999920368275554 0.9999476776620152
0.3626587482763664 0.9999835860876686 0.9999992627084646
0.3633661961633299 0.9999745547456765 0.9999494091057614
0.3640736440502934 0.9999670639421094 0.999999892838108
0.36478109193725694 0.9999629182798384 0.9999534610411362
0.36548853982422047 0.9999631805200958 0.9999985508258814
0.36619598771118395 0.9999678975206757 0.9999578711756871
0.3669034355981474 0.9999760380725216 0.9999968121709578
0.36761088348511095 0.9999856611160783 0.9999612545775914
0.3683183313720745 0.99999428714557 0.9999956051332136
0.36902577925903796 0.9999994050668314 0.9999626725709192
0.3697332271460015 0.9999990188714414 0.9999953790714143
0.37044067503296496 0.9999921283343348 0.9999612749716326
0.3711481229199285 0.9999790474034043 0.9999963179618124
0.371855570806892 0.999961491401713 0.9999557255268287
0.3725630186938555 0.9999424049034048 0.9999983802916074
0.37327046658081897 0.9999255492560186 0.9999428850083207
0.3739779144677825 0.9999149100051357 0.9999998884768819
0.37468536235474603 0.9999137978263171 0.9999095680984372
0.37539281024170956 0.9999736508882497 0.9999690826804774
0.37610025812867304 0.9999963159585266 0.9999813522309048
0.3768077060156365 0.9999995316422006 0.9999743557385423
0.37751515390260004 0.9999920577142567 0.9999940604811398
0.3782226017895636 0.9999798488627787 0.9999779030765862
0.37893004967652705 0.9999676387660728 0.9999983950696014
0.3796374975634906 0.9999588115709946 0.9999803755340145
0.38034494545045405 0.9999552171759897 0.9999998634639529
0.3810523933374176 0.9999571885788175 0.9999824132043883
0.38175984122438106 0.9999637857288975 0.9999998381471286
0.3824672891113446 0.9999732101818584 0.9999844293208731
0.3831747369983081 0.9999833017605472 0.999998760953353
0.3838821848852716 0.9999920222653359 0.9999866950601511
0.3845896327722351 0.9999978444892157 0.9999967963602036
0.3852970806591986 0.9999999911074178 0.9999893554009892
0.38600452854616213 0.9999985008205935 0.9999940693283498
0.3867119764331256 0.9999941319050742 0.9999923936558064
0.38741942432008913 0.9999881404538992 0.9999908080057969
0.38812687220705266 0.999981988133382 0.999995566342355
0.38883432009401614 0.9999770403876844 0.9999874525990501
0.38954176798097967 0.999974310997817 0.9999983425208057
0.39024921586794314 0.999974294861191 0.9999847127236688
0.3909566637549067 0.9999769111685458 0.9999999083631376
0.39166411164187015 0.9999815577123313 0.999983508260857
0.3923715595288337 0.9999872576063245 0.9999993251439696
0.3930790074157972 0.9999928652374257 0.9999847055644147
0.3937864553027607 0.9999972906925273 0.9999959239537113
0.3944939031897242 0.9999997018013813 0.9999885991523879
0.3952013510766877 0.9999996696516782 0.9999899279648786
0.3959087989636512 0.9999972352849462 0.9999942457638116
0.3966162468506147 0.9999928899272403 0.9999830622721225
0.3973236947375782 0.9999874759698706 0.9999990537458305
0.39803114262454176 0.9999820286128327 0.9999785786590493
0.39873859051150523 0.9999775867838422 0.9999993368312645
0.39944603839846876 0.9999750056009749 0.9999799433173129
0.40015348628543224 0.9999748010737678 0.9999924567663449
0.40086093417239577 0.9999770515588055 0.9999879393037516
0.40156838205935924 0.9999813709567514 0.9999801170781482
0.40227582994632277 0.9999869573926009 0.9999976067227312
0.4029832778332863 0.9999927099030802 0.9999701992736878
0.4036907257202498 0.9999973960612263 0.9999987326277263
0.4043981736072133 0.9999998467377827 0.9999728239988628
0.4051056214941768 0.9999991510867755 0.9999837140657143
0.4058130693811403 0.9999948255566455 0.9999889541048941
0.4065205172681038 0.9999869349680375 0.9999602823663613
0.4072279651550673 0.9999761507612259 0.9999999551853637
0.40793541304203085 0.9999637405125097 0.9999540318980291
0.4086428609289943 0.9999514930726237 0.999977839956598
0.40935030881595785 0.9999415957533635 0.9999810142507324
0.4100577567029213 0.999936499817748 0.9999265801013798
0.41076520458988486 0.999938874578454 0.9999973474904201
0.41147265247684833 0.9999522110014195 0.9999173223705031
0.41218010036381186 0.9999982991162908 0.9998711889827187
0.4128875482507754 0.9999946319555388 0.9999964211646194
0.41359499613773887 0.9999809738648037 0.9999452418935783
0.4143024440247024 0.999968507952343 0.9999495523328162
0.4150098919116659 0.9999605259609828 0.999998727877204
0.4157173397986294 0.9999578271447969 0.9999496004978167
0.4164247876855929 0.9999598891323549 0.999981210647259
0.4171322355725564 0.9999654819994931 0.9999902855510453
0.41783968345951994 0.9999730956780879 0.9999593747755917
0.4185471313464834 0.9999812493296711 0.9999953819150043
0.41925457923344694 0.999988699898079 0.9999824583715365
0.4199620271204104 0.9999945603185093 0.9999706517377007
0.42066947500737395 0.9999983404912033 0.9999996810786832
0.4213769228943374 0.9999999274945068 0.9999785640346237
0.42208437078130095 0.9999995232595349 0.9999796263133315
0.4227918186682645 0.9999975576482667 0.999999793285111
0.42349926655522796 0.9999945928811986 0.9999777659220209
0.4242067144421915 0.9999912321118096 0.9999852670900009
0.42491416232915497 0.9999880412457121 0.9999990084092765
0.4256216102161185 0.9999854893797733 0.9999784617444801
0.42632905810308197 0.9999839098907154 0.9999879681195794
0.4270365059900455 0.9999834814918971 0.9999987007462999
0.42774395387700903 0.9999842266252549 0.9999796663759128
0.4284514017639725 0.9999860233830916 0.9999883081509074
0.42915884965093604 0.9999886267079798 0.9999991390115645
0.4298662975378995 0.9999916948172319 0.999981252144775
0.43057374542486304 0.9999948175724136 0.9999865970226067
0.4312811933118265 0.9999975448571435 0.999999875434609
0.43198864119879005 0.9999994150423318 0.9999838354253686
0.4326960890857536 0.999999986541781 0.9999831055183113
0.43340353697271705 0.9999988795671083 0.9999996166809756
0.4341109848596806 0.9999958402915595 0.9999883848149917
0.43481843274664406 0.9999908435463977 0.999978950915237
0.4355258806336076 0.9999842451972372 0.9999960465476619
0.43623332852057106 0.9999769633127967 0.9999949344206276
0.4369407764075346 0.9999705826534531 0.9999773469694477
0.4376482242944981 0.9999671489985393 0.999987025280723
0.4383556721814616 0.999968398687654 0.9999998911699522
0.43906312006842513 0.9999745657388439 0.999983115696466
0.4397705679553886 0.9999836940785725 0.9999751557197727
0.44047801584235213 0.9999924818026775 0.9999946232856216
0.4411854637293156 0.999998211775695 0.9999957433326226
0.44189291161627914 0.9999999997434958 0.9999728801610358
0.44260035950324267 0.9999985018980577 0.9999748262419332
0.44330780739020614 0.9999948824636932 0.9999975796888861
0.4440152552771697 0.999990045668881 0.999990524435983
0.44472270316413315 0.999984386473625 0.9999628565274875
0.4454301510510967 0.9999778633431989 0.999967885763923
0.44613759893806015 0.9999702541604527 0.9999963052951931
0.4468450468250237 0.9999617782945169 0.9999896811648116
0.44755249471198716 0.9999546131753564 0.9999496409371466
0.4482599425989507 0.9999546104619286 0.9999402111218372
0.4489673904859142 0.9999667475050378 0.9999782076790965
0.4496748383728777 0.9999841308624027 0.9999990978418317
0.4503822862598412 0.9999963491671487 0.999947820217824
0.4510897341468047 0.9999999470258658 0.9999206689786895
0.45179718203376823 0.9999980440635335 0.9999166227364579
0.4525046299207317 0.9999911145029202 0.9999582736879254
0.45321207780769523 0.9999827067555588 0.999996125987242
0.45391952569465877 0.9999808814611915 0.9999930758600202
0.45462697358162224 0.9999731164771687 0.9999665807393368
0.45533442146858577 0.9999738457077912 0.999956303411772
0.45604186935554925 0.9999691800597889 0.999973664391782
0.4567493172425128 1.996947726029908 0.9999955931741356
0.45745676512947625 1.9972767011752728 0.9999981742053907
0.4581642130164398 1.9998738113600711 0.9999830571038687
0.4588716609034033 1.9998806652055823 0.9999702784581457
0.4595791087903668 1.9974235855759122 0.9999736886468357
0.4602865566773303 1.9986020307561307 0.9999883574678374
0.4609940045642938 1.9995139814048257 0.9999991950674764
0.4617014524512573 1.9989847567284114 0.9999971158272873
0.4624089003382208 1.9986674870290326 0.9999860169426447
0.4631163482251843 1.9981120243841641 0.9999768439899338
0.46382379611214786 1.9993223360834083 0.999977165444216
0.46453124399911133 1.9996601280899624 0.9999858882079921
0.46523869188607486 1.9982476125698079 0.9999958131283848
0.46594613977303834 1.9997636851273464 0.99999999883039
0.46665358766000187 1.9988621646486897 0.9999964002187274
0.46736103554696534 1.9994440703018366 0.9999881659642342
0.4680684834339289 1.998811614378555 0.9999806557026951
0.4687759313208924 1.9997781051341914 0.9999779362390011
0.4694833792078559 1.9988759826473257 0.9999809082003832
0.4701908270948194 1.9996980084182279 0.9999875694611648
0.4708982749817829 1.9987677791651428 0.9999946091572933
0.4716057228687464 1.9998181417722491 0.9999991408758928
0.4723131707557099 1.999396907906814 0.9999997482772026
0.4730206186426734 1.9989671920079808 0.9999966328349452
0.47372806652963695 1.9997412273966637 0.9999911169960009
0.4744355144166004 1.9991018869251977 0.9999849193178978
0.47514296230356395 1.999446216528335 0.9999795412970649
0.47585041019052743 1.9998337742560262 0.9999759282907804
0.47655785807749096 1.9989146338826087 0.9999744059699904
0.47726530596445443 1.9992023480656793 0.9999748032840112
0.47797275385141796 1.9998790533633182 0.9999766531078648
0.4786802017383815 1.99929686215414 0.9999793859827139
0.47938764962534497 1.999191702785609 0.9999824713710908
0.4800950975123085 1.9997305898494098 0.9999854949124808
0.480802545399272 1.9993314087492726 0.999988181229786
0.4815099932862355 1.9989203441409615 0.9999903800870712
0.482217441173199 1.9996164067467987 0.9999920331312685
0.4829248890601625 1.9999580259189615 0.9999931335196764
0.48363233694712604 1.999182834673715 0.9999936847434467
0.4843397848340895 1.9988485274089332 0.9999936596506777
0.48504723272105305 1.9994783891185186 0.9999929566539544
0.4857546806080165 1.999649447967012 0.9999913472033636
0.48646212849498005 1.9990545891597016 0.9999884062832918
0.4871695763819435 1.9990134702662452 0.9999834146921597
0.48787702426890706 1.9996411651691686 0.9999752137910658
0.4885844721558706 1.999498812576192 0.9999619611509977
0.48929192004283406 1.9984478713444054 0.9999405763012745
0.4899993679297976 1.9982558482447705 0.9999045419926782
0.49070681581676107 1.9997228364879776 0.9998282283629119
0.4914142637037246 1.999718657467891 0.9998945463408975
0.49212171159068807 1.9988990821402697 0.9999304854437191
0.4928291594776516 1.9988616162955528 0.9999587529887988
0.49353660736461513 1.9994544408589074 0.9999805742145778
0.4942440552515786 1.999743084095307 0.9999947718485114
0.49495150313854214 1.9995081599019013 0.9999999866505385
0.4956589510255056 1.9993151695187261 0.999996011547973
0.49636639891246914 1.9995231269129454 0.999984810564725
0.4970738467994326 1.9998298975396143 0.9999708647565715
0.49778129468639615 1.999807040550954 0.9999603147944361
0.4984887425733597 1.9995056616263995 0.9999586813677337
0.49919619046032315 1.9993413620117169 0.9999677835336194
0.4999036383472867 1.9995348972442697 0.9999835584497894
0.5006110862342501 1.999867976628032 0.9999969851929748
0.5013185341212136 1.9999874961293411 0.9999991381306971
0.5020259820081772 1.9998161131087515 0.9999882172322715
0.5027334298951407 1.999591446890846 0.9999730046320477
0.5034408777821042 1.999558769929327 0.9999674735684655
0.5041483256690678 1.9997136632396981 0.9999780618450935
0.5048557735560313 1.9998568917839858 0.9999948341874064
0.5055632214429947 1.9998432044981185 0.9999991673821363
0.5062706693299582 1.9997270439753851 0.9999850931928117
0.5069781172169217 1.9996706658466399 0.9999702261339551
0.5076855651038852 1.9997506662433457 0.9999757674432473
0.5083930129908487 1.999880567225254 0.9999956271223708
0.5091004608778122 1.9999147321213826 1.0265065104053583
0.5098079087647758 1.9998068969142433 1.141064523107433
0.5105153566517393 1.9996576393699874 1.2643374554903486
0.5112228045387028 1.9996128834326352 1.1598142379795051
0.5119302524256663 1.9997232678101893 1.1546912673435321
0.5126377003126298 1.9998993900695408 1.6633672651348792
0.5133451481995933 1.9999962456741434 1.3149428288886884
0.5140525960865567 1.9999412818635098 1.3018221584328822
0.5147600439735203 1.9997905145560588 1.6664515437076126
0.5154674918604838 1.9996712013781017 1.3082417455814865
0.5161749397474473 1.9996709629729124 1.7831839986322189
0.5168823876344109 1.9997713562585506 1.3679679829868345
0.5175898355213744 1.9998755726766935 1.682110040301282
0.5182972834083379 1.9998971357886914 1.4944250946490842
0.5190047312953013 1.999830335982508 1.5210386968209788
0.5197121791822649 1.9997462713152812 1.7800064438651364
0.5204196270692283 1.9997247559810827 1.440932322026485
0.5211270749561918 1.9997838176672145 1.9873857294815191
0.5218345228431553 1.9998653998589806 1.5117908004251148
0.5225419707301189 1.9998864813949753 1.6695163750610997
0.5232494186170824 1.999811683416178 1.8369804270197316
0.5239568665040459 1.9996875550852569 1.5204423053848541
0.5246643143910095 1.9996102666794886 1.920157712304812
0.5253717622779729 1.9996509788008032 1.6900903528797215
0.5260792101649364 1.9997957594960167 1.6068640868343054
0.5267866580518998 1.9999464867362315 1.9977526389903109
0.5274941059388634 1.999985215202273 1.6539039078839923
0.5282015538258269 1.9998586314609752 1.7005416676778367
0.5289090017127904 1.9996231696845934 1.9865180412706265
0.529616449599754 1.9994166051510953 1.6643183396300998
0.5303238974867175 1.9993711967980334 1.770469473839561
0.531031345373681 1.9995224267073877 1.9735733463781155
0.5317387932606444 1.9997690835249735 1.6954706830942736
0.532446241147608 1.999882608192767 1.8124529901030837
0.5331536890345714 1.9997298190855708 1.9794550322722697
0.5338611369215349 1.9995946408166343 1.7338441049702216
0.5345685848084984 1.9995768714120927 1.8200233907596297
0.535276032695462 1.9996638287871615 1.9894150012814515
0.5359834805824255 1.9997822579617905 1.7681182419033588
0.536690928469389 1.9998590827874987 1.8199197386252277
0.5373983763563526 1.999864732305981 1.9972423071126992
0.538105824243316 1.9998207886440404 1.8058082957840194
0.5388132721302795 1.999775988879047 1.8162217189179835
0.539520720017243 1.999770910856188 1.9983860537415086
0.5402281679042065 1.9998137824643751 1.8474003514021944
0.54093561579117 1.999879395220171 1.8133880016123924
0.5416430636781335 1.9999281528314095 1.9890024179176216
0.5423505115650971 1.999931562576391 1.892066352522388
0.5430579594520606 1.9998888548823772 1.8159754131586225
0.5437654073390241 1.9998263074553524 1.9689175139707695
0.5444728552259877 1.9997813494998713 1.9351876854880634
0.5451803031129511 1.9997815272073933 1.8272506965140651
0.5458877509999146 1.9998300503041477 1.9435734589157387
0.546595198886878 1.9999049756337255 1.9702756202602483
0.5473026467738416 1.999971373635203 1.8472595338091229
0.5480100946608051 1.999999308823033 1.918906523825156
0.5487175425477686 1.9999782057148827 1.9922911489281279
0.5494249904347321 1.9999208059468465 1.8749512471177867
0.5501324383216957 1.9998556428436374 1.9002223166228014
0.5508398862086592 1.9998126280146857 1.999587990683637
0.5515473340956226 1.9998091980837165 1.9069230400603188
0.5522547819825862 1.999843465215686 1.8894796693562184
0.5529622298695496 1.9998968939233506 1.9936405154616181
0.5536696777565131 1.9999443552702996 1.9393272722516803
0.5543771256434766 1.9999662115771117 1.8880911610827895
0.5550845735304402 1.9999566643727096 1.9792373630815512
0.5557920214174037 1.9999248773250113 1.9675799700538965
0.5564994693043672 1.9998890606332016 1.8957509255878915
0.5572069171913308 1.9998669426111577 1.9621476771179258
0.5579143650782942 1.9998674049900982 1.9875362704515125
0.5586218129652577 1.9998870887758455 1.9103341398868503
0.5593292608522212 1.9999131534984997 1.9471524372492386
0.5600367087391847 1.9999304255045427 1.9974375965693112
0.5607441566261482 1.9999292460085742 1.9286035011180624
0.5614516045131117 1.999910216929447 1.9372531714543069
0.5621590524000752 1.999883682303151 1.9993468783329746
0.5628665002870388 1.9998643395730464 1.9479605958230874
0.5635739481740023 1.9998636474333003 1.933020925412819
0.5642813960609658 1.999883677992207 1.9951870907493623
0.5649888439479293 1.9999153699661247 1.9650917144540052
0.5656962918348928 1.9999421367323145 1.9339477866859514
0.5664037397218562 1.9999473638573664 1.9887868695118427
0.5671111876088197 1.9999225340284659 1.978912177091065
0.5678186354957833 1.9998723087131351 1.9384775787356867
0.5685260833827468 1.9998140625925744 1.9818661232633175
0.5692335312697103 1.9997716367533152 1.989043203567014
0.5699409791566739 1.9997655147078806 1.9455171843146706
0.5706484270436374 1.9998032341088547 1.9760043849890867
0.5713558749306008 1.999873978183562 1.9954891367880683
0.5720633228175643 1.9999498736559393 1.9535962603390398
0.5727707707045278 1.9999940357755372 1.9727909591064772
0.5734782185914913 1.9999726181314135 1.998016975314735
0.5741856664784548 1.9998653990803748 1.9627131631544312
0.5748931143654183 1.9996598961643486 1.9721313720315812
0.5756005622523819 1.9995310792450196 1.9990541844801792
0.5763080101393454 1.9996393081703008 1.9741769911431069
0.5770154580263089 1.9997673325638667 1.973033852624669
0.5777229059132724 1.999881266124042 1.9991513182743477
0.5784303538002359 1.9999550513890179 1.9812442776356258
0.5791378016871994 1.999979477426639 1.973631056126156
0.5798452495741628 1.9999619535166995 1.9979710471975582
0.5805526974611264 1.99992093544236 1.986226645859537
0.5812601453480899 1.99987793027774 1.975351545050516
0.5819675932350534 1.9998500656159526 1.996994264384246
0.582675041122017 1.999845474649255 1.989576830103841
0.5833824890089805 1.9998624584686324 1.9769443937935052
0.584089936895944 1.999892020662772 1.9961616348681737
0.5847973847829074 1.9999223596160818 1.9923383531519696
0.585504832669871 1.999943505276158 1.9791762950607952
0.5862122805568344 1.9999505300193117 1.995696771262718
0.5869197284437979 1.9999444771117296 1.9940524680894705
0.5876271763307614 1.9999310399333439 1.9810803304619402
0.588334624217725 1.9999177775130985 1.9955871948761452
0.5890420721046885 1.999911039431739 1.9951715458077477
0.589749519991652 1.9999137177117878 1.982872706856216
0.5904569678786156 1.9999245216300998 1.995824859236177
0.591164415765579 1.999938868005259 1.9957957553716197
0.5918718636525425 1.9999509130672368 1.9844445269742086
0.5925793115395059 1.9999559029516172 1.99626014604913
0.5932867594264695 1.9999519798616512 1.9961128812519613
0.593994207313433 1.9999408342728746 1.9859368673893767
0.5947016552003965 1.9999270319037334 1.9968488284820394
0.5954091030873601 1.9999163087858762 1.9961846713972644
0.5961165509743236 1.9999134645007335 1.9872517928731919
0.5968239988612871 1.9999205921301166 1.9976135626503675
0.5975314467482505 1.999936244177758 1.9959666169732955
0.5982388946352141 1.9999558065000762 1.9885448787887565
0.5989463425221776 1.9999729507535782 1.9983969786205755
0.599653790409141 1.9999816889533646 1.9955548058466632
0.6003612382961045 1.9999783666924185 1.9898517939308655
0.6010686861830681 1.9999629564997863 1.9991192148130719
0.6017761340700316 1.9999392356333776 1.9949946237517395
0.6024835819569951 1.9999137796769144 1.9912475331809263
0.6031910298439587 1.9998940658716786 1.9996678996648174
0.6038984777309222 1.9998862487667763 1.994342009331529
0.6046059256178856 1.9998932684955792 1.992801973743427
0.6053133735048492 1.9999138550088407 1.9999358701573982
0.6060208213918126 1.9999427327923354 1.9936824921407694
0.6067282692787761 1.9999719867653738 1.9945040921049744
0.6074357171657396 1.9999932188210954 1.9998359577201112
0.6081431650527032 1.9999998977023281 1.9932060024086498
0.6088506129396667 1.9999892447257233 1.9962569125263998
0.6095580608266302 1.9999631203610897 1.9992372266818255
0.6102655087135938 1.999927647497733 1.9931343224668763
0.6109729566005572 1.9998916511776283 1.997963140187968
0.6116804044875207 1.9998643170711046 1.9981369256084764
0.6123878523744841 1.9998526850820986 1.9935839483706084
0.6130953002614477 1.9998596446243853 1.9993266235848455
0.6138027481484112 1.9998829733374042 1.9967555997187862
0.6145101960353747 1.9999156951057386 1.9947277869956714
0.6152176439223382 1.9999476937583514 1.9999562048841577
0.6159250918093018 1.9999681890105026 1.9953472727304287
0.6166325396962653 1.999968438189404 1.996494477338976
0.6173399875832287 1.999943914731129 1.9995894658188147
0.6180474354701923 1.9998951816666533 1.9944475827190822
0.6187548833571558 1.9998261845132974 1.998485590815878
0.6194623312441192 1.999726436129258 1.997721451088223
0.6201697791310827 1.9997807748400942 1.9955414545289416
0.6208772270180463 1.9998463384610574 1.999933048041559
0.6215846749050098 1.9998957636155381 1.9968051993144276
0.6222921227919733 1.9999268156437557 1.9977007175611388
0.6229995706789369 1.9999397974804105 1.99969354226216
0.6237070185659004 1.9999386454471066 1.996764591993305
0.6244144664528638 1.9999295598831457 1.9992627820277227
0.6251219143398273 1.9999190980686476 1.9988447765325004
0.6258293622267908 1.9999124677622686 1.997503933081202
0.6265368101137543 1.9999124492267775 1.9999379141554692
0.6272442580007178 1.9999191219821342 1.998083107539649
0.6279517058876813 1.999930340980352 1.9987148263792403
0.6286591537746449 1.9999427287234908 1.999718499385703
0.6293666016616084 1.9999528543637812 1.997987441135768
0.6300740495485719 1.9999582679237151 1.9996941970659425
0.6307814974355355 1.9999581360428835 1.9990047264481654
0.6314889453224988 1.9999533566898442 1.9986334304488946
0.6321963932094623 1.999946176660888 1.9999369575310766
0.6329038410964258 1.9999394604850418 1.9985721836882482
0.6336112889833894 1.9999358346798382 1.999534676814628
0.6343187368703529 1.9999369439675385 1.9994887993523898
0.6350261847573164 1.9999430090852475 1.9988276680403283
0.63573363264428 1.9999527859579997 1.9999480415133357
0.6364410805312435 1.9999639183902855 1.9989959193625972
0.637148528418207 1.9999735780446433 1.9995288260187345
0.6378559763051703 1.9999792189304395 1.9996913860254517
0.6385634241921339 1.9999792525253086 1.999088334557499
0.6392708720790974 1.9999734762478545 1.9999523849253213
0.6399783199660609 1.9999631534278548 1.9992650628227822
0.6406857678530244 1.9999507298761732 1.9996270435104773
0.641393215739988 1.9999392593404195 1.9997543946758054
0.6421006636269515 1.9999316773623212 1.9993164733910063
0.642808111513915 1.9999300958111232 1.9999596549987384
0.6435155594008786 1.999935282705485 1.9994259447768294
0.6442230072878421 1.9999464472146198 1.9997667361171314
0.6449304551748054 1.999961379241284 1.999768396308713
0.6456379030617689 1.9999769130515008 1.9995249376794964
0.6463453509487325 1.9999896126607635 1.9999605219597838
0.647052798835696 1.9999965283720604 1.9995338212888898
0.6477602467226595 1.9999958588356777 1.9998835165589772
0.6484676946096231 1.9999873738317644 1.999751075893495
0.6491751424965866 1.9999725045994448 1.999711149015933
0.6498825903835501 1.9999540794835 1.9999406706629956
0.6505900382705136 1.9999357576541692 1.9996493945493186
0.651297486157477 1.999921276939319 1.999959603041137
0.6520049340444405 1.999913670526993 1.9997433926290553
0.652712381931404 1.999914614032316 1.9998587550501015
0.6534198298183675 1.999924038430258 1.9998912950454064
0.6541272777053311 1.9999400913844352 1.9997724273393884
0.6548347255922946 1.9999594603443087 1.999972922108107
0.6555421734792581 1.9999779990584432 1.999777587313316
0.6562496213662217 1.9999915386848877 1.9999513912802873
0.6569570692531852 1.9999967270079237 1.9998554449949881
0.6576645171401485 1.9999917315413338 1.9998791922704744
0.658371965027112 1.9999766659599518 1.999939841191524
0.6590794129140756 1.99995364981182 1.9998326908378332
0.6597868608010391 1.9999264791258922 1.9999751083586221
0.6604943086880026 1.9998999573689855 1.9998469413707107
0.6612017565749662 1.999878998402168 1.9999432690994612
0.6619092044619297 1.9998676533075805 1.9999029171621152
0.6626166523488932 1.999868221422038 1.9998638416194392
0.6633241002358568 1.9998805722528483 1.999958826376829
0.6640315481228203 1.9999016945273063 1.9997710260773192
0.6647389960097836 1.999925019324509 1.9999760361021166
0.6654464438967471 1.9999459038951173 1.9995553388965455
0.6661538917837106 1.999939904667614 1.9999865395009777
0.6668613396706742 1.9999207362554308 1.9996097249175517
0.6675687875576377 1.9999036833530879 1.9999575333328483
0.6682762354446012 1.9998944423756524 1.9996730331930639
0.6689836833315648 1.9998946108749518 1.9999076103533242
0.6696911312185283 1.9999030511157156 1.9997492459240693
0.6703985791054918 1.9999169598175985 1.9998579163492258
0.6711060269924551 1.9999328772645857 1.9998277796099593
0.6718134748794187 1.999947560820407 1.9998175058846008
0.6725209227663822 1.9999586223723098 1.9998934208941679
0.6732283706533457 1.9999648680716697 1.9997867583289737
0.6739358185403093 1.9999663346783565 1.9999381181976872
0.6746432664272728 1.9999640697647003 1.999766447247713
0.6753507143142363 1.9999597415156958 1.9999650203230233
0.6760581622011999 1.9999551820249106 1.999759280108134
0.6767656100881634 1.9999519649130393 1.999981935637329
0.6774730579751267 1.999951097009108 1.9997649195383471
0.6781805058620902 1.9999528708482515 1.9999932496267943
0.6788879537490538 1.9999568873493727 1.9997777361030589
0.6795954016360173 1.999962223588233 1.9999988802217457
0.6803028495229808 1.9999676950044531 1.9997909401835912
0.6810102974099443 1.9999721483307527 1.9999988814021414
0.6817177452969079 1.9999747220185742 1.9998017858727923
0.6824251931838714 1.9999750234375437 1.999996362500138
0.6831326410708349 1.9999731931206306 1.9998118473111384
0.6838400889577982 1.99996985110115 1.9999952830155092
0.6845475368447618 1.9999659439957198 1.99982303672235
0.6852549847317253 1.9999625296504446 1.999996653454718
0.6859624326186888 1.9999605459886614 1.999834743552299
0.6866698805056524 1.999960611038308 1.9999980125420755
0.6873773283926159 1.9999628926421147 1.9998451289696393
0.6880847762795794 1.9999670712408386 1.9999964025740293
0.688792224166543 1.9999724005428596 1.999854234010533
0.6894996720535065 1.999977852388538 1.9999909785397956
0.69020711994047 1.9999823169525215 1.9998648257644955
0.6909145678274333 1.9999848200750918 1.9999824792995418
0.6916220157143969 1.9999847172987049 1.9998800953875524
0.6923294636013604 1.9999818291423714 1.999970937542289
0.6930369114883239 1.9999764931002404 1.9999009471936728
0.6937443593752874 1.9999695226831145 1.9999549892977029
0.694451807262251 1.9999620798884719 1.9999255219559116
0.6951592551492145 1.99995548207954 1.9999340025354198
0.695866703036178 1.9999509750586908 1.9999505490377396
0.6965741509231416 1.9999495095595066 1.9999108735216526
0.6972815988101049 1.9999515578126978 1.9999721665632377
0.6979890466970684 1.999957000594212 1.9998925027623677
0.6986964945840319 1.999965104411664 1.999985293247922
0.6994039424709955 1.9999745950043077 1.9998870774882613
0.700111390357959 1.9999838191923291 1.9999835999741664
0.7008188382449225 1.9999909743630695 1.999899638523046
0.7015262861318861 1.9999943752578235 1.9999628570486545
0.7022337340188496 1.9999927224209229 1.9999278755263066
0.7029411819058131 1.999985336216219 1.9999272941541453
0.7036486297927764 1.9999723245091316 1.9999596688537484
0.70435607767974 1.999954660098933 1.9998937036232671
0.7050635255667035 1.9999341543665634 1.9999748667452473
0.705770973453667 1.9999133246039542 1.9998856407284675
0.7064784213406305 1.9998951620900187 1.9999553358184137
0.7071858692275941 1.9998828138762816 1.9999143269081634
0.7078933171145576 1.9998791903969177 1.9999037761279714
0.7086007650015211 1.9998864978721047 1.9999555029272524
0.7093082128884847 1.9999056549691356 1.9998580992246453
0.7100156607754482 1.9999354413067405 1.9999476903160767
0.7107231086624115 1.9999708465557962 1.9998713853106875
0.711430556549375 1.9999982237262317 1.9998373475653726
0.7121380044363386 1.9999604654359013 1.9999198736940864
0.7128454523233021 1.9998268267844304 1.9998420626423077
0.7135529002102656 1.999816067755365 1.9998955215926102
0.7142603480972292 1.9998275041767006 1.9999536576855967
0.7149677959841927 1.9998516932395767 1.9998981762761219
0.7156752438711562 1.9998818517132528 1.9999666847344595
0.7163826917581197 1.9999128256122436 1.9999443731174706
0.7170901396450831 1.9999409489497169 1.9999381578701034
0.7177975875320466 1.999963937332185 1.9999807469930921
0.7185050354190101 1.9999807122670716 1.9999364773034742
0.7192124833059736 1.9999911660820509 1.999969850337529
0.7199199311929372 1.9999958994562765 1.9999713265830432
0.7206273790799007 1.999995963058144 1.999946345795003
0.7213348269668642 1.9999926273243218 1.9999888420204852
0.7220422748538278 1.9999871952650272 1.9999618408802238
0.7227497227407913 1.9999808646330284 1.9999669215583504
0.7234571706277546 1.9999746388982858 1.9999933391612508
0.7241646185147181 1.9999692815962968 1.9999583790134472
0.7248720664016817 1.9999653057175684 1.9999835299015016
0.7255795142886452 1.9999629885808903 1.9999868091592552
0.7262869621756087 1.9999624026636196 1.9999588605530474
0.7269944100625723 1.9999634536946695 1.999991495286405
0.7277018579495358 1.9999659185295884 1.9999780572333923
0.7284093058364993 1.999969476583482 1.9999627508273374
0.7291167537234629 1.9999737297467004 1.999995548376605
0.7298242016104264 1.9999782069895642 1.9999739285113434
0.7305316494973897 1.9999823524808311 1.9999688832234486
0.7312390973843532 1.9999855032990588 1.9999988322921467
0.7319465452713168 1.9999868815684072 1.9999737332976868
0.7326539931582803 1.9999856645617295 1.9999727795828934
0.7333614410452438 1.999981245666238 1.999999900894105
0.7340688889322073 1.9999737742060655 1.9999738101370375
0.7347763368191709 1.9999647676353225 1.9999713447038294
0.7354837847061344 1.9999570357451641 1.9999982204068714
0.7361912325930979 1.9999532553594774 1.9999746759227788
0.7368986804800612 1.9999541543219528 1.9999666913687892
0.7376061283670248 1.999958288247256 1.9999956387143187
0.7383135762539883 1.9999634745134658 1.9999799276043675
0.7390210241409518 1.999968109754165 1.9999629173607618
0.7397284720279154 1.9999714873829586 1.9999913229202875
0.7404359199148789 1.9999735670937127 1.9999895116794477
0.7411433678018424 1.9999747225904014 1.9999626791917422
0.741850815688806 1.999975345278243 1.999980668058421
0.7425582635757695 1.999975451407573 1.9999967520154134
0.7432657114627328 1.9999752980247216 1.9999689372667004
0.7439731593496963 1.999972512567236 1.9999640320008945
0.7446806072366599 1.9999624129591378 1.9999915240807407
0.7453880551236234 1.9999618262215024 1.9999829306947903
0.7460955030105869 1.999956557889674 1.999955489166437
0.7468029508975504 2.9971333330119627 1.9999697852600629
0.747510398784514 2.9970398684293302 1.9999915962311168
0.7482178466714775 2.998357371613164 1.9999708179458604
0.748925294558441 2.9984673498433527 1.9999502739365271
0.7496327424454046 2.998564440297474 1.9999716652151507
0.7503401903323679 2.9991293719523724 1.9999892840730886
0.7510476382193314 2.9992603054926623 1.9999649671017736
0.7517550861062949 2.998982702203926 1.9999424670771135
0.7524625339932585 2.9996965670699343 1.9999608209943278
0.753169981880222 2.9978076185681415 1.999982117357613
0.7538774297671855 2.9972477200399057 1.9999624729284389
0.754584877654149 2.999223861330936 1.9999286874016209
0.7552923255411126 2.997627861163831 1.999930782096138
0.7559997734280761 2.997984841529113 1.9999601966361853
0.7567072213150394 2.998899305339855 1.9999647595971242
0.757414669202003 2.996743995242021 1.9999270532182234
0.7581221170889665 2.9989246015664204 1.9998871636155242
0.75882956497593 2.997441365594683 1.9998864356138721
0.7595370128628935 2.99789784690468 1.999914624089495
0.7602444607498571 2.9968742433354714 1.9999195312174973
0.7609519086368206 2.9979346334352073 1.9999203370535101
0.7616593565237841 2.999109610494392 1.9999044774004993
0.7623668044107477 2.9970038636742746 1.9998861215149788
0.763074252297711 2.999069895312975 1.9998943180656454
0.7637817001846745 2.998685618787289 1.999925290174933
0.764489148071638 2.998500527691423 1.9999557208857264
0.7651965959586016 2.999563487477245 1.9999665126432975
0.7659040438455651 2.9985350345893624 1.99995696482753
0.7666114917325286 2.998433309736719 1.9999414132369007
0.7673189396194922 2.999716267747199 1.9999354753396656
0.7680263875064557 2.9994464665299074 1.9999445245406193
0.7687338353934192 2.9988392237181842 1.999961976264946
0.7694412832803825 2.9993458497084236 1.9999761566825425
0.7701487311673461 2.9994622914107647 1.9999790702573108
0.7708561790543096 2.9990078484216376 1.9999709064759659
0.7715636269412731 2.9993170714605775 1.999958488120925
0.7722710748282366 2.9999107411131583 1.9999500982315448
0.7729785227152002 2.9996115675948833 1.999950612478493
0.7736859706021637 2.999022745263652 1.9999595731135045
0.7743934184891272 2.9991848528701097 1.9999724478362066
0.7751008663760908 2.9996750153716047 1.999983562513037
0.7758083142630543 2.9996698635086156 1.9999888222389273
0.7765157621500176 2.9994117402763263 1.9999870418727546
0.7772232100369811 2.999492237143874 1.9999797350627158
0.7779306579239447 2.9997243132796907 1.9999699349850146
0.7786381058109082 2.999613115668941 1.9999608193556264
0.7793455536978717 2.9993058611211856 1.9999547079800584
0.7800530015848353 2.999335969421705 1.9999526481376158
0.7807604494717988 2.999735163859597 1.999954510581934
0.7814678973587623 2.999989545829082 1.9999593767135802
0.7821753452457259 2.9998053171142707 1.999965993076189
0.7828827931326892 2.9994775995396794 1.9999731420777977
0.7835902410196527 2.9994161716217427 1.999979866823113
0.7842976889066162 2.999611994399515 1.999985555642721
0.7850051367935797 2.9997480763130664 1.9999899265455723
0.7857125846805433 2.999677014139585 1.9999929586085743
0.7864200325675068 2.999575639165463 1.9999948077569083
0.7871274804544703 2.9996395147819164 1.9999957294258095
0.7878349283414339 2.9997964845338765 1.9999960170565338
0.7885423762283974 2.999813196828832 1.9999959562568865
0.7892498241153607 2.99961656388626 1.9999957898935914
0.7899572720023242 2.999403914890255 1.9999956882903782
0.7906647198892878 2.999417106732552 1.9999957197759235
0.7913721677762513 2.999666837303733 1.9999958192821292
0.7920796156632148 2.999922292688256 1.9999957563591437
0.7927870635501784 2.999957462473865 1.9999951092980492
0.7934945114371419 2.9997725049155557 1.9999932595992749
0.7942019593241054 2.9995661124434534 1.9999894306511565
0.794909407211069 2.9995179318040064 1.9999828038171028
0.7956168550980325 2.9996228643111076 1.9999727476850035
0.7963243029849958 2.9997315777712656 1.9999591798319816
0.7970317508719593 2.999726147362999 1.9999430282134254
0.7977391987589229 2.999637082345181 1.9999266574502612
0.7984466466458864 2.9995912187702602 1.9999139818132894
0.7991540945328499 2.9996614043157885 1.9999098614150215
0.7998615424198134 2.999779961614732 1.9999184096441052
0.800568990306777 2.999802425761675 1.9999402297176088
0.8012764381937405 2.999656043126947 1.9999694890096495
0.801983886080704 2.9994267492568545 1.9999929427013041
0.8026913339676673 2.9992983446841315 1.9999936821441626
0.8033987818546309 2.999395347706201 1.9999609820827113
0.8041062297415944 2.9996673620590975 1.9999029117376446
0.8048136776285579 2.999916184330326 1.9998516592469613
0.8055211255155215 2.99994667589607 1.9998488794648381
0.806228573402485 2.999720179703165 1.9999089751835006
0.8069360212894485 2.9993866459888063 1.9999845591221577
0.807643469176412 2.999169506441654 1.9999815637086655
0.8083509170633756 2.9991933368068655 1.9998502048176503
0.8090583649503389 2.9993840860950187 1.9996886906009657
0.8097658128373024 2.99949651789545 1.9997092139722727
0.810473260724266 2.9994648879225387 1.9999858253171423
0.8111807086112295 2.9993995011494157 1.9998949355654456
0.811888156498193 2.9994427407828224 1.9997653918948946
0.8125956043851565 2.9995743277679363 1.9998215624754643
0.8133030522721201 2.999691299997348 1.9999663771174347
0.8140105001590836 2.999716263974202 1.9999700197287416
0.8147179480460471 2.9996547025798477 1.9998585902380297
0.8154253959330107 2.9995798293470655 1.9998611836304725
0.816132843819974 2.9995708875080207 2.0232613466369203
0.8168402917069375 2.9996552600520583 2.148962532096307
0.817547739593901 2.9997926462678395 2.240655195296924
0.8182551874808646 2.9999059345276144 2.1414285492596794
0.8189626353678281 2.999933121912608 2.151290584281335
0.8196700832547916 2.9998651560885286 2.7895994357490497
0.8203775311417552 2.9997479915897696 2.258551699447924
0.8210849790287187 2.9996517553238524 2.329218170286078
0.8217924269156822 2.9996291020042256 2.5151860295111503
0.8224998748026455 2.999688052788197 2.320238072077969
0.8232073226896091 2.999792756168758 2.624780085571011
0.8239147705765726 2.9998880677459536 2.3859488276049503
0.8246222184635361 2.999931271955339 2.5488769823707225
0.8253296663504996 2.999912715813101 2.5477528944906958
0.8260371142374632 2.9998557877867573 2.439508941007656
0.8267445621244267 2.9997993140737624 2.8726510703365893
0.8274520100113902 2.999774505397508 2.4073499530732834
0.8281594578983538 2.9997896588418187 2.9252593704628
0.8288669057853171 2.9998296211854374 2.519092424083298
0.8295743536722806 2.999868052562313 2.5863112426496033
0.8302818015592441 2.999883956771991 2.8906438132427024
0.8309892494462077 2.9998728531018832 2.4887281201941205
0.8316966973331712 2.999847159901787 2.856577205183475
0.8324041452201347 2.999826917966358 2.7002760725950568
0.8331115931070983 2.9998271087757127 2.562035150380944
0.8338190409940618 2.999848980072479 2.986849322773015
0.8345264888810253 2.999879867687169 2.632346775051217
0.8352339367679888 2.999901009427741 2.661950762725342
0.8359413846549522 2.9998985865787695 2.9845984603428963
0.8366488325419157 2.999871812238817 2.6251725401338564
0.8373562804288792 2.9998337903072083 2.7475096952960834
0.8380637283158427 2.999804860396373 2.9578411208124544
0.8387711762028063 2.999802039449255 2.6438772500560916
0.8394786240897698 2.9998300227984513 2.8050988540759065
0.8401860719767333 2.999878253317195 2.941293199035311
0.8408935198636969 2.9999254673990254 2.6719319926018024
0.8416009677506604 2.999949489312322 2.8404353126430455
0.8423084156376237 2.9999376013013848 2.9373123088256583
0.8430158635245872 2.9998926418421306 2.7004357673890356
0.8437233114115508 2.9998320613971154 2.8608359030727843
0.8444307592985143 2.9997804401305355 2.944727575820152
0.8451382071854778 2.9997588928211383 2.7267198980170866
0.8458456550724414 2.999776057668643 2.8693747180457203
0.8465531029594049 2.9998245249249864 2.9599372057482634
0.8472605508463684 2.999884099330482 2.752752163321072
0.847967998733332 2.9999303424309005 2.8693084468983883
0.8486754466202953 2.9999446648227543 2.97634178721475
0.8493828945072588 2.9999217090663177 2.781000787853433
0.8500903423942223 2.9998710415498007 2.865889882781764
0.8507977902811859 2.999812652694153 2.9870122604733673
0.8515052381681494 2.999768356691642 2.8103940346744425
0.8522126860551129 2.99975279422483 2.8647516856338218
0.8529201339420764 2.999767757486368 2.9927428509342717
0.85362758182904 2.9998020540313335 2.8387115284920252
0.8543350297160035 2.9998367817524385 2.866475242632423
0.8550424776029668 2.99985366654476 2.995447875436261
0.8557499254899303 2.999842893369839 2.8642660571943894
0.8564573733768939 2.999807107141883 2.8693826083619305
0.8571648212638574 2.999759853083011 2.9964634762525417
0.8578722691508209 2.999719000338891 2.888350616163671
0.8585797170377845 2.999697680998691 2.873937399619963
0.859287164924748 2.9996959778222445 2.9957486660716395
0.8599946128117115 2.9996940886337717 2.9125478524230726
0.860702060698675 2.999673884013784 2.8857180887412492
0.8614095085856386 2.9997068514178578 2.991563580815867
0.8621169564726019 2.999706194122682 2.9393003145220016
0.8628244043595654 2.999714878788701 2.8899916415366254
0.863531852246529 2.999745078121511 2.9841518603378914
0.8642393001334925 2.999793131362189 2.9572085325943043
0.864946748020456 2.999845390668363 2.898254833936135
0.8656541959074195 2.9998854611703916 2.97813633787817
0.8663616437943831 2.999901244031035 2.9698037894576754
0.8670690916813466 2.9998895823723806 2.9071348793270673
0.8677765395683101 2.999857203475941 2.973453463169126
0.8684839874552734 2.9998180100756393 2.9788248772029227
0.869191435342237 2.9997879942123613 2.9164442282794756
0.8698988832292005 2.9997797141943803 2.970632597516797
0.870606331116164 2.99979822862664 2.984720505576496
0.8713137790031276 2.9998397227176823 2.9249534059606113
0.8720212268900911 2.9998930765461536 2.969726962998104
0.8727286747770546 2.99994366142677 2.9889494149429945
0.8734361226640182 2.999978006222424 2.932229829412618
0.8741435705509817 2.999987816589676 2.970144781268704
0.874851018437945 2.999972158402368 2.991814049511556
0.8755584663249085 2.999937283879222 2.9389720437876545
0.876265914211872 2.9998943452743574 2.970961974746759
0.8769733620988356 2.9998558584165056 2.9939785592796815
0.8776808099857991 2.9998320717143585 2.94492542951311
0.8783882578727626 2.9998283113027195 2.972445008573382
0.8790957057597262 2.999843978181229 2.9952182499290694
0.8798031536466897 2.9998733212854587 2.9502472844156267
0.8805106015336532 2.9999075812407483 2.9745681594057345
0.8812180494206168 2.9999377447085847 2.995725819731975
0.8819254973075801 2.999957053239941 2.9548033404981306
0.8826329451945436 2.9999625745201133 2.977477835521287
0.8833403930815071 2.999955493188334 2.9955113320985562
0.8840478409684707 2.999940190992717 2.9586171180192657
0.8847552888554342 2.9999225329114334 2.9809214823536814
0.8854627367423977 2.999907960852968 2.9949347126999615
0.8861701846293613 2.999899982230186 2.9619449171825933
0.8868776325163248 2.9998994532892156 2.9846480189245983
0.8875850804032883 2.999904771179618 2.993611328031911
0.8882925282902516 2.999912799820145 2.9650364493541774
0.8889999761772152 2.999920148983032 2.9884891006568464
0.8897074240641787 2.9999243571437315 2.9921488036750863
0.8904148719511422 2.999924604825269 2.9680053628501764
0.8911223198381057 2.999921770890577 2.9922266012873666
0.8918297677250693 2.9999178738654115 2.9900815528653237
0.8925372156120328 2.9999151397806134 2.971173647977298
0.8932446634989963 2.999915047388326 2.995571471865946
0.8939521113859599 2.9999176923386073 2.987819095094753
0.8946595592729232 2.9999216930109083 2.9746945822006525
0.8953670071598867 2.9999246736454053 2.998242616971031
0.8960744550468502 2.9999241651763233 2.9853032542753266
0.8967819029338138 2.999918621015008 2.978963105279925
0.8974893508207773 2.9999081973213966 2.999716646327011
0.8981967987077408 2.9998950094986485 2.9830344495999697
0.8989042465947044 2.999882730682562 2.9838437048071484
0.8996116944816679 2.999875598909783 2.999735998405238
0.9003191423686314 2.999877088840848 2.9814747471827774
0.901026590255595 2.999888626061012 2.9890646214275276
0.9017340381425583 2.9999087404297033 2.9981636377920298
0.9024414860295218 2.999932961328492 2.9811793368774877
0.9031489339164853 2.9999545735929622 2.9940412027861965
0.9038563818034488 2.9999661241790085 2.995182701326199
0.9045638296904124 2.999961354726635 2.9826643993692494
0.9052712775773759 2.9999370910908896 2.997887788683545
0.9059787254643394 2.999894588693931 2.991424303808078
0.906686173351303 2.9998399263010644 2.986085784630819
0.9073936212382665 2.999783242791911 2.9996545801336723
0.9081010691252298 2.9997368754922973 2.9880889172847915
0.9088085170121933 2.999712721243075 2.990938256773664
0.9095159648991569 2.9997193373823428 2.9985728570468724
0.9102234127861204 2.9997593756972085 2.9866464245194777
0.9109308606730839 2.9998278595287178 2.996083024485281
0.9116383085600475 2.999911539466195 2.994794089887251
0.912345756447011 2.999993211655689 2.9889784123825223
0.9130532043339745 2.9999594281928994 2.9991301617794033
0.913760652220938 2.999892274850893 2.9925084378085525
0.9144681001079014 2.999825534890203 2.9938414485226925
0.9151755479948649 2.999776665552288 2.9988686496260435
0.9158829958818284 2.9997541994320724 2.9919468449456623
0.916590443768792 2.9997590730677963 2.9975362425820307
0.9172978916557555 2.9997863030183485 2.997002238888229
0.918005339542719 2.9998272442539538 2.993420915365327
0.9187127874296825 2.9998720609947647 2.999452138828819
0.9194202353166461 2.9999119508493135 2.9949177326093555
0.9201276832036096 2.999940747683301 2.9962730369911075
0.9208351310905731 2.999955696453067 2.99905499959051
0.9215425789775364 2.9999573864631217 2.9944196007924275
0.9222500268645 2.9999490008825545 2.9989670196273996
0.9229574747514635 2.999935155495915 2.99714905260828
0.923664922638427 2.9999206414304225 2.9959816683931866
0.9243723705253906 2.999909356242413 2.999746493567452
0.9250798184123541 2.999903621959708 2.995724740452
0.9257872662993176 2.999903973677424 2.9985325437609136
0.9264947141862812 2.9999093867314364 2.998461275290418
0.9272021620732447 2.9999178190093936 2.9963108454765255
0.927909609960208 2.999926893775811 2.9998984609212296
0.9286170578471715 2.999934542998942 2.9968092777476083
0.929324505734135 2.9999394666524553 2.9984467720974046
0.9300319536210986 2.9999413267314075 2.9990994605985355
0.9307394015080621 2.9999406682005816 2.9968823151237163
0.9314468493950256 2.999938625007391 2.999930116311951
0.9321542972819892 2.9999365135695877 2.9975284044482224
0.9328617451689527 2.999935431151716 2.998665971082845
0.9335691930559162 2.999935962055273 2.9993199955003327
0.9342766409428795 2.9999380570282503 2.997489800253921
0.9349840888298431 2.9999411017380333 2.9999724139778583
0.9356915367168066 2.9999441411835024 2.9979487827091775
0.9363989846037701 2.99994618989611 2.999076190745612
0.9371064324907337 2.999946540409378 2.999298348143799
0.9378138803776972 2.99994498743606 2.9980943871890195
0.9385213282646607 2.9999419099261795 2.9999813477112967
0.9392287761516243 2.999938190807099 2.9982066610297644
0.9399362240385878 2.999934995321446 2.9995344688949874
0.9406436719255511 2.9999334637844735 2.9991386181756554
0.9413511198125146 2.9999343954538515 2.998741105716256
0.9420585676994782 2.9999380026991354 2.999877493843001
0.9427660155864417 2.999943798684567 2.9984928195961698
0.9434734634734052 2.9999506512865115 2.999871623691478
0.9441809113603687 2.999956997938947 2.998940768647123
0.9448883592473323 2.9999611789529763 2.9993761432228947
0.9455958071342958 2.9999618186691386 2.9995987294987243
0.9463032550212593 2.99995817064891 2.998959199309426
0.9470107029082229 2.9999503478688707 2.9999470974766838
0.9477181507951862 2.999939380677266 2.998946850672544
0.9484255986821497 2.999927079706387 2.999852020339971
0.9491330465691132 2.99991572102363 2.9992780125412057
0.9498404944560768 2.9999076084320073 2.9995333496809815
0.9505479423430403 2.999904595399573 2.999684627813846
0.9512553902300038 2.999907661028917 2.999282105672531
0.9519628381169674 2.9999166282425445 2.9999287414062934
0.9526702860039309 2.9999300888834686 2.999244447648568
0.9533777338908944 2.9999455638456127 2.9999328289890346
0.9540851817778577 2.9999598831889407 2.99939693548382
0.9547926296648213 2.9999697292198673 2.9997738334838986
0.9555000775517848 2.9999722523522685 2.9996327541520538
0.9562075254387483 2.999965651382479 2.9995898294344254
0.9569149733257118 2.9999496102235526 2.9998430467778476
0.9576224212126754 2.9999255025225002 2.9994818977474913
0.9583298690996389 2.999896310924908 2.999955871881725
0.9590373169866024 2.999866253143193 2.999476289169022
0.959744764873566 2.999840154602818 2.9999502288113713
0.9604522127605293 2.999822648788872 2.9995492530975154
0.9611596606474928 2.9998173133762167 2.9998532737722883
0.9618671085344563 2.999825855057088 2.9996656844947296
0.9625745564214199 2.999847427651039 2.999712567198599
0.9632820043083834 2.999878072320091 2.999791841685849
0.9639894521953469 2.999909916698291 2.9995454687252616
0.9646969000823105 2.99992704575765 2.999881969860773
0.965404347969274 2.9998950039447916 2.999281138212545
0.9661117958562375 2.9998538101250936 2.999884650391279
0.966819243743201 2.9998177374233332 2.9993095977551323
0.9675266916301644 2.9997965600337335 2.9999281400877025
0.9682341395171279 2.9997932892220778 2.999337932041277
0.9689415874040914 2.9998066433133186 2.9999586966014773
0.969649035291055 2.9998324853201876 2.9993794234080764
0.9703564831780185 2.999865172208544 2.999972670524663
0.971063931064982 2.9998988090161 2.9994247383084063
0.9717713789519455 2.999928287935922 2.999973399908667
0.9724788268389091 2.9999500083515658 2.999468868799006
0.9731862747258726 2.99996222617194 2.9999698310660063
0.9738937226128359 2.999965041123935 2.999511937383014
