# t = 1
# W = 300
# L = 50
# alpha = 0.025
# xic = 2.5231325220201604
# plate_distance = 50.46265044040321
# E_dis = 3.141592653589793e-07
# E_img = 63.41323676169618
# ei = 0.12566370614359174
# ef = 0.9738937226128359
# Ne = 1200
# iter_dis = 1
# Ncore = 5
Energies G0 GIMG
0.12566370614359174 2.6931976722833195e-18 1.2898619619291146e-16
0.12637115403055524 1.0208075641942823e-17 1.5810389897238867e-16
0.12707860191751874 1.2145314595489512e-17 1.938804077184074e-16
0.12778604980448224 4.2569665148074414e-18 2.3795727878223243e-16
0.12849349769144577 1.2685054406013123e-17 2.923766070518952e-16
0.12920094557840928 3.3733345936492055e-17 3.5970537720987705e-16
0.12990839346537278 1.3391322221244398e-17 4.4319527810826914e-16
0.13061584135233628 1.9770574564919144e-17 5.470152737192104e-16
0.13132328923929978 6.605477392972471e-17 6.766923523341585e-16
0.1320307371262633 2.970359867305128e-17 8.44809855031304e-16
0.1327381850132268 5.381179209636768e-17 1.05256111877095e-15
0.13344563290019032 1.494032731628091e-16 1.3083790493815543e-15
0.13415308078715382 2.6502126007143366e-17 1.627334247022878e-15
0.13486052867411732 2.0862326544990237e-16 2.0263354218506446e-15
0.13556797656108083 2.1021478796884394e-16 2.5267061261111113e-15
0.13627542444804433 1.641645320543679e-16 3.155665852290956e-15
0.13698287233500783 5.85626208533095e-16 3.948181114377941e-15
0.13769032022197134 1.0443765632779038e-16 4.949498934725e-15
0.13839776810893484 1.241651997378941e-15 6.2189685773726566e-15
0.13910521599589837 1.4173158165084907e-16 7.838067397304696e-15
0.13981266388286187 2.2042934778492547e-15 9.981146538715768e-15
0.14052011176982537 5.582471397572907e-16 1.263754033114605e-14
0.14122755965678888 3.4547920817523475e-15 1.600395162307752e-14
0.14193500754375238 4.557433389568555e-15 2.029515387632946e-14
0.14264245543071588 7.934846000801331e-16 2.5782522957539352e-14
0.14334990331767938 1.3082001908266968e-14 3.2819096909675506e-14
0.1440573512046429 1.7601437898116243e-14 4.1867436854309246e-14
0.14476479909160642 6.080581575858637e-15 5.353694518452054e-14
0.14547224697856992 2.098839406458937e-15 6.863600963119507e-14
0.14617969486553342 1.4220588711472192e-14 8.825015723437382e-14
0.14688714275249692 2.7549939182454962e-14 1.1389515040930665e-13
0.14759459063946043 1.143071807002455e-14 1.4848850359337777e-13
0.14830203852642393 9.081602372896919e-14 1.9259949390361812e-13
0.14900948641338746 7.386628848064064e-13 2.501085465557911e-13
0.14971693430035096 5.4908125758523933e-14 3.255054948094644e-13
0.15042438218731446 5.624899616980887e-13 4.247206904515673e-13
0.15113183007427797 1.395269388209146e-13 5.557344384862143e-13
0.15183927796124147 7.689343120628628e-12 7.293531986528835e-13
0.15254672584820497 6.244863596096092e-11 9.602911656391835e-13
0.15325417373516848 3.8220963312991813e-10 1.268712891827933e-12
0.153961621622132 1.442293078988377e-08 1.6825163513113116e-12
0.1546690695090955 0.9999196460256596 2.2411534919686603e-12
0.155376517396059 0.9997897686870659 3.0167681964486443e-12
0.1560839652830225 0.9999839475753273 4.049538957797522e-12
0.15679141316998602 0.9999125454460512 5.445487642867484e-12
0.15749886105694952 0.9999963633262584 7.34721225772048e-12
0.15820630894391302 0.9999238247539864 9.95075554593316e-12
0.15891375683087655 0.999966933520923 1.3532145706906346e-11
0.15962120471784005 0.9999966636691203 1.84828198010263e-11
0.16032865260480356 0.9999420966790832 2.5361480517235066e-11
0.16103610049176706 0.9999317091596693 3.4971179989059095e-11
0.16174354837873056 0.9999851899332094 4.847594241431266e-11
0.16245099626569406 0.9999880222649141 6.758408615196613e-11
0.16315844415265757 0.9998800925029827 9.489016110867618e-11
0.1638658920396211 0.9999247958763366 1.3460263608068188e-10
0.1645733399265846 0.9999963866030964 1.906327918053689e-10
0.1652807878135481 0.9999879501093668 2.714273843951118e-10
0.1659882357005116 0.9999559994942843 3.8881770866134217e-10
0.1666956835874751 0.9999463932580572 5.606398336242432e-10
0.1674031314744386 0.9999661838847537 8.140655509836294e-10
0.1681105793614021 0.9999923957286553 1.190882724750502e-09
0.16881802724836564 0.9999989456514421 1.7560021682998722e-09
0.16952547513532915 0.9999780481560844 2.611356302659535e-09
0.17023292302229265 0.9999447061177705 3.9190122955114616e-09
0.17094037090925615 0.9999263143137044 5.940803163052749e-09
0.17164781879621965 0.9999485140804305 9.115772995986257e-09
0.17235526668318316 0.999998778873056 1.4155812363913082e-08
0.17306271457014666 0.9999783409451448 2.209831070172376e-08
0.1737701624571102 0.9999602523909786 3.490267460725507e-08
0.1744776103440737 0.9999579994910842 5.584069491180257e-08
0.1751850582310372 0.9999700639262279 9.060460135595369e-08
0.1758925061180007 0.9999871666128703 1.492886661554148e-07
0.1765999540049642 0.9999986903759934 2.5016849541582273e-07
0.1773074018919277 0.9999977434827745 4.270992726577437e-07
0.1780148497788912 0.9999838139993695 7.444247139077022e-07
0.17872229766585473 0.9999628008888803 1.3280374356012024e-06
0.17942974555281824 0.9999450735765316 2.432736478214327e-06
0.18013719343978174 0.9999435873648995 4.597740152382344e-06
0.18084464132674524 0.9999972306067046 8.993168367015845e-06
0.18155208921370874 0.9999971209830257 1.819783430079995e-05
0.18225953710067225 0.9999855289841176 3.8618008320908526e-05
0.18296698498763575 0.9999750733059393 8.690811002394953e-05
0.18367443287459928 0.9999711349904877 0.00021081580097534355
0.18438188076156278 0.9999747066775346 0.0005655177746262387
0.18508932864852629 0.999983542888239 0.0017540532502011476
0.1857967765354898 0.9999934282843632 0.00688344620301166
0.1865042244224533 0.9999995520888638 0.043094540517420656
0.1872116723094168 0.999997740368775 0.7477034219946713
0.1879191201963803 0.9999852148053987 0.33049198883526176
0.18862656808334383 0.9999598750137787 0.1889368767405453
0.1893340159703073 0.9999453166790191 0.2125253454655388
0.19004146385727083 0.9999804156081712 0.34328651654170633
0.19074891174423433 0.9999954290499833 0.6733243244253717
0.19145635963119784 0.9999999796073603 0.9990007498860431
0.19216380751816134 0.9999975640943001 0.7897973753837717
0.19287125540512484 0.9999914169896438 0.5519555922638322
0.19357870329208837 0.999984653349489 0.44642394524273615
0.19428615117905185 0.9999798994589129 0.42358392402170175
0.19499359906601538 0.9999789016900975 0.4586963283676195
0.19570104695297888 0.9999822278788774 0.549193517425082
0.19640849483994238 0.9999890558090851 0.696341907156517
0.19711594272690589 0.9999968542356251 0.8724403472350885
0.1978233906138694 0.9999993555296557 0.9898569531164119
0.19853083850083292 0.9999779766081671 0.9760458626699665
0.1992382863877964 0.99997512065291 0.8733762545197024
0.19994573427475992 0.9999777358597758 0.7626808771340226
0.20065318216172343 0.9999833601153136 0.6833101870705136
0.20136063004868693 0.9999899478614312 0.641516393301714
0.20206807793565043 0.9999957181256756 0.6338885525769485
0.20277552582261393 0.9999992887344941 0.6566055807374946
0.20348297370957746 0.9999998031455458 0.7065074257162591
0.20419042159654094 0.9999970036805249 0.7787993202452311
0.20489786948350447 0.9999912423518416 0.8631714612887295
0.20560531737046797 0.9999834347745211 0.9411731631006254
0.20631276525743147 0.9999749700094377 0.9904752984284566
0.20702021314439498 0.9999675115311139 0.9976267821832996
0.20772766103135848 0.9999916815077786 0.9684173936382082
0.208435108918322 0.9999993350225951 0.9186397458894452
0.20914255680528548 0.9999995547710465 0.8658368742010107
0.20985000469224901 0.9999967502582302 0.8220147784051852
0.21055745257921252 0.9999929865871038 0.7930111967236405
0.21126490046617602 0.9999896212122564 0.7806747298592903
0.21197234835313952 0.9999875571459169 0.7847817849710683
0.21267979624010303 0.9999872880261846 0.803948259561241
0.21338724412706656 0.9999889008343654 0.8357161201607463
0.21409469201403003 0.9999920681744643 0.876190471123457
0.21480213990099356 0.9999960139496766 0.9197059298321132
0.21550958778795706 0.9999993465633149 0.9591400661292302
0.21621703567492057 0.9999990207948138 0.9873655232631079
0.21692448356188407 0.9999835668757227 0.9994970741152535
0.21763193144884757 0.9999829965456772 0.9957632555167418
0.2183393793358111 0.9999851084396729 0.9788233708523958
0.21904682722277458 0.999988560630169 0.9539098196853802
0.2197542751097381 0.9999924465374266 0.9268632127276616
0.2204617229967016 0.9999960152139385 0.9025820523145025
0.2211691708836651 0.9999986587652981 0.884424372984562
0.22187661877062861 0.9999999306599897 0.8742592817594002
0.22258406665759212 0.9999995631495557 0.8727573562980051
0.22329151454455565 0.9999974750298519 0.8796549203831794
0.22399896243151912 0.9999937651399402 0.8939004830936002
0.22470641031848265 0.9999886819602105 0.9137075548653291
0.22541385820544615 0.9999825129098464 0.9366071116231105
0.22612130609240966 0.9999742872425524 0.9596934799500447
0.22682875397937316 0.9999936240592917 0.9784319560424818
0.22753620186633666 0.9999987523545925 0.9922940623595158
0.2282436497533002 0.9999999992889852 0.999293244736745
0.22895109764026367 0.9999992486830777 0.9988592253440193
0.2296585455272272 0.999997450577883 0.9917986138053508
0.2303659934141907 0.9999952800373986 0.9799767201016781
0.2310734413011542 0.999993268166887 0.9657947511543283
0.2317808891881177 0.9999918303885397 0.9516640219844575
0.2324883370750812 0.9999912659306333 0.9396282394400753
0.23319578496204474 0.9999917473890124 0.9311725429830285
0.2339032328490082 0.9999933028439434 0.9271769035198651
0.23461068073597174 0.999995776962941 0.9279496162100734
0.23531812862293525 0.9999986847398518 0.9333066715336773
0.23602557650989875 0.999997567792969 0.9428586752444063
0.23673302439686225 0.9999936746321713 0.9533344589469441
0.23744047228382575 0.9999918645448721 0.9652398066995306
0.23814792017078928 0.9999913824847854 0.9771037376287881
0.23885536805775276 0.9999919344747343 0.9874941508540583
0.2395628159447163 0.9999932355588591 0.995181826136408
0.2402702638316798 0.9999949816253755 0.9993405894068313
0.2409777117186433 0.9999968532527529 0.9996873300947231
0.2416851596056068 0.9999985250679656 0.9965150128012011
0.2423926074925703 0.9999996735641872 0.9906085011768897
0.24310005537953383 0.9999999776270726 0.9830739550164784
0.2438075032664973 0.9999990997816962 0.9751366870073281
0.24451495115346084 0.9999966068786892 0.9679614888328304
0.24522239904042434 0.9999915984352749 0.9625396847811308
0.24592984692738784 0.9999799383243716 0.9601026834843575
0.24663729481435134 0.9999898878990188 0.9593701137962445
0.24734474270131485 0.9999945284745653 0.9608262777024048
0.24805219058827838 0.9999974828969352 0.9644271804148727
0.24875963847524185 0.9999992220931949 0.9697627034523428
0.24946708636220538 0.9999999525509301 0.9762178511749914
0.2501745342491689 0.9999998365959242 0.9830491763134116
0.2508819821361324 0.9999990420969029 0.9894728988207093
0.25158943002309586 0.9999977552741042 0.9947648248789626
0.2522968779100594 0.9999961821474654 0.9983599661716982
0.2530043257970229 0.9999945465275502 0.9999335673294274
0.2537117736839864 0.9999930890301658 0.999445588988576
0.2544192215709499 0.9999920739679363 0.9971386076932408
0.2551266694579134 0.9999918295097707 0.9934930363454733
0.25583411734487693 0.9999930734807596 0.9891736929617482
0.25654156523184046 0.9999997932762286 0.9853382588213945
0.25724901311880394 0.9999997508185297 0.9816553657523944
0.2579564610057674 0.9999987081458686 0.9787777451731916
0.25866390889273094 0.9999974635322803 0.9770602161465073
0.2593713567796945 0.9999963466584673 0.9766890879093965
0.260078804666658 0.9999955367345066 0.9776860497156332
0.2607862525536215 0.9999951314425166 0.9799161986191881
0.26149370044058495 0.9999951695600877 0.9831078503464556
0.2622011483275485 0.9999956396387283 0.9868845041191475
0.262908596214512 0.9999964823496279 0.9908080317582161
0.2636160441014755 0.9999975869156328 0.9944304951119182
0.264323491988439 0.9999987756692205 0.9973495868783767
0.2650309398754025 0.9999997512542643 0.9992602651208411
0.265738387762366 0.9999998559184405 0.9999934387146648
0.26644583564932955 0.9999942239072934 0.9995610924112986
0.26715328353629303 0.999993422171448 0.9982985387689458
0.2678607314232565 0.9999937028298054 0.9963587613351716
0.26856817931022003 0.9999944933671945 0.9940253601538745
0.26927562719718356 0.9999955658680317 0.9916121626328188
0.2699830750841471 0.9999967512709622 0.9894266064182236
0.27069052297111057 0.9999979056192508 0.9877341791577005
0.27139797085807404 0.9999989017211337 0.9867306787563906
0.2721054187450376 0.9999996266079731 0.9865241077937983
0.2728128666320011 0.9999999800421636 0.9871267415024465
0.2735203145189646 0.9999998717579385 0.9884571713710119
0.2742277624059281 0.9999992144996713 0.9903517392724758
0.2749352102928916 0.9999979052910155 0.9925844817665544
0.2756426581798551 0.999995765414912 0.9948944083462047
0.27635010606681865 0.9999922395703078 0.997020357481404
0.2770575539537821 0.9999906585724614 0.9986958641444613
0.2777650018407456 0.9999954770078967 0.9996351135782438
0.2784724497277091 0.9999978598473 0.9999965600336882
0.27917989761467266 0.9999992068742998 0.999773044681725
0.2798873455016362 0.9999998599137694 0.9990294736642354
0.28059479338859966 0.9999999904747419 0.9978892122455454
0.28130224127556314 0.9999997204055315 0.9965169243750194
0.28200968916252667 0.9999991546543362 0.9950973565959021
0.2827171370494902 0.9999983925492741 0.9938128853072604
0.28342458493645367 0.9999975320767239 0.9928226324226594
0.2841320328234172 0.9999966717758356 0.9922454033240025
0.2848394807103807 0.9999959125024216 0.9921480009972409
0.2855469285973442 0.9999953615076455 0.992539875406104
0.28625437648430774 0.9999951453850443 0.9933749386837296
0.2869618243712712 0.9999954673702357 0.9945641385057572
0.2876692722582347 0.9999990147832221 0.996082717870116
0.2883767201451982 0.999999995107359 0.9973448050501535
0.28908416803216175 0.9999995762642995 0.9984372800752409
0.2897916159191253 0.9999988815760735 0.999284450308744
0.29049906380608875 0.9999981731747772 0.9998173069327797
0.29120651169305223 0.9999975731061131 0.9999999586037711
0.29191395958001576 0.9999971487373784 0.9998359890260483
0.2926214074669793 0.9999969364244592 0.9993680046338173
0.29332885535394276 0.9999969503015923 0.9986719417646263
0.29403630324090624 0.9999971858705908 0.9978473574747324
0.29474375112786977 0.9999976209469249 0.9970052063029657
0.2954511990148333 0.9999982141299493 0.9962547809114811
0.29615864690179683 0.99999889878649 0.9956914792148086
0.2968660947887603 0.9999995645549727 0.995386971756155
0.2975735426757238 0.999999987460656 0.9953838078464661
0.2982809905626873 0.99999923363021 0.9957072378109987
0.29898843844965084 0.9999963139262007 0.9964467300284393
0.29969588633661437 0.9999960675060652 0.9971586650814804
0.30040333422357784 0.9999962362481664 0.9979009541224968
0.3011107821105413 0.9999966538067596 0.9986114705602419
0.30181822999750485 0.9999972225183288 0.9992233865186271
0.3025256778844684 0.9999978655612766 0.999679831848905
0.30323312577143186 0.9999985157064647 0.9999418462661114
0.30394057365839533 0.999999111332099 0.9999930427911641
0.30464802154535886 0.9999995943890385 0.9998412093635017
0.3053554694323224 0.9999999085496888 0.999516915900609
0.3060629173192859 0.9999999963148545 0.9990694432191136
0.3067703652062494 0.9999997931065279 0.9985606387994855
0.30747781309321287 0.9999992131038709 0.9980575187179587
0.3081852609801764 0.9999981074088569 0.9976245201280369
0.30889270886713993 0.9999960788043679 0.9973160922180339
0.30960015675410346 0.9999924524025995 0.9972415111581935
0.31030760464106694 0.9999957932499282 0.9974397468454996
0.3110150525280304 0.9999975066200425 0.9977246080502867
0.31172250041499394 0.9999986423017456 0.9980982281305094
0.31242994830195747 0.9999993881287922 0.998524911866179
0.31313739618892095 0.9999998226569168 0.9989604896822003
0.3138448440758844 0.9999999938198141 0.99936011026997
0.31455229196284795 0.9999999393786727 0.9996839686187625
0.3152597398498115 0.999999694078806 0.9999018545378042
0.315967187736775 0.9999992925321345 0.9999963365860868
0.3166746356237385 0.9999987704657947 0.999964337989384
0.31738208351070196 0.9999981653406191 0.999816993009823
0.3180895313976655 0.9999975168687032 0.9995778472425381
0.318796979284629 0.999996867938004 0.9992796069184099
0.31950442717159255 0.9999962669706817 0.9989595995329428
0.32021187505855603 0.999995775480237 0.998652762884078
0.3209193229455195 0.9999980440921166 0.9984197670253572
0.32162677083248303 0.9999997144790465 0.9983932050140736
0.32233421871944656 0.9999999996688722 0.9984492462620261
0.32304166660641004 0.9999998635327316 0.9985891175212122
0.3237491144933735 0.9999995422930827 0.9987962057301527
0.32445656238033704 0.9999991486866824 0.9990459579666352
0.3251640102673006 0.9999987512476608 0.9993098830440509
0.3258714581542641 0.9999983968422536 0.9995591605893175
0.3265789060412276 0.9999981192947344 0.9997679504012207
0.32728635392819105 0.9999979433107634 0.9999161451199885
0.3279938018151546 0.9999978864717066 0.999991310958195
0.3287012497021181 0.9999979602939246 0.9999896407336339
0.3294086975890816 0.9999981706849611 0.9999158450786505
0.3301161454760451 0.999998517676228 0.9997819893742136
0.3308235933630086 0.9999989932985758 0.9996052372104908
0.3315310412499721 0.9999995704495453 0.9994035567539394
0.33223848913693566 0.999999723921631 0.9991677901627426
0.33294593702389913 0.9999988259670369 0.999069343388355
0.3336533849108626 0.9999983075213235 0.9990317945682985
0.33436083279782614 0.9999980133581198 0.9990576887130396
0.33506828068478967 0.9999978985209204 0.999140654417337
0.3357757285717532 0.9999979311886951 0.9992680088063098
0.33648317645871667 0.9999980830300633 0.9994227554466621
0.33719062434568015 0.9999983265040393 0.9995858969606061
0.3378980722326437 0.999998633734087 0.9997387913639058
0.3386055201196072 0.9999989757524161 0.9998652750730738
0.3393129680065707 0.9999993216025436 0.9999533208903646
0.3400204158935342 0.9999996368128942 0.9999960685509791
0.3407278637804977 0.9999998803541224 0.9999921455890974
0.3414353116674612 0.9999999978364575 0.9999452682571364
0.34214275955442475 0.9999999037055086 0.999863132536163
0.3428502074413882 0.9999994197038145 0.9997553708612242
0.3435576553283517 0.9999978512273903 0.9996272144357902
0.3442651032153152 0.9999961561345553 0.9994864716879586
0.34497255110227876 0.9999969660975973 0.9994204640265284
0.3456799989892423 0.9999976742849095 0.9994000904866672
0.34638744687620576 0.9999983023300556 0.9994234241190834
0.34709489476316924 0.9999988443810325 0.9994841365916289
0.34780234265013277 0.9999992913877899 0.9995719478814206
0.3485097905370963 0.999999634982992 0.9996741603869316
0.3492172384240598 0.9999998682919241 0.9997774549513604
0.3499246863110233 0.9999999859184017 0.9998696144360327
0.3506321341979868 0.9999999835587975 0.9999409392430426
0.3513395820849503 0.9999998572780331 0.9999851934639163
0.35204702997191384 0.9999996022480284 0.9999999990040875
0.3527544778588773 0.9999992103535773 0.9999866718857958
0.3534619257458408 0.9999986649145445 0.9999495533239096
0.3541693736328043 0.9999979261915317 0.9998948876199597
0.35487682151976785 0.9999968734394444 0.9998290121618032
0.3555842694067314 0.9999943152369216 0.9997472670069233
0.35629171729369485 0.9999980376647267 0.9996629675638734
0.35699916518065833 0.9999991322172597 0.9996265536396255
0.35770661306762186 0.9999996825839875 0.9996231518073366
0.3584140609545854 0.9999999371872067 0.999649582315443
0.35912150884154886 0.9999999994457813 0.9996994960149868
0.3598289567285124 0.9999999286236928 0.9997640820574755
0.36053640461547587 0.9999997651213008 0.9998334545132042
0.3612438525024394 0.9999995395985243 0.9998981290736223
0.36195130038940293 0.999999277015062 0.9999503086778561
0.3626587482763664 0.9999989987235103 0.9999847936260262
0.3633661961633299 0.9999987237598607 0.9999994145726399
0.3640736440502934 0.999998469872643 0.9999949698272464
0.36478109193725694 0.9999982547000902 0.9999747229655632
0.36548853982422047 0.9999980977431355 0.9999435691249805
0.36619598771118395 0.9999980250550607 0.9999069845002645
0.3669034355981474 0.9999980864178488 0.9998697136567642
0.36761088348511095 0.9999991832345556 0.9998225935698333
0.3683183313720745 0.9999999977370428 0.9997759458294674
0.36902577925903796 0.9999998850470304 0.9997606360492813
0.3697332271460015 0.9999996383889567 0.9997688756210473
0.37044067503296496 0.9999993734315462 0.9997964939286303
0.3711481229199285 0.9999991340204811 0.9998373233390746
0.371855570806892 0.9999989407302493 0.9998839307957373
0.3725630186938555 0.9999988036316277 0.9999288194935849
0.37327046658081897 0.9999987270872676 0.9999655967159562
0.3739779144677825 0.9999987119585652 0.9999898708048508
0.37468536235474603 0.9999987567538381 0.9999997407714686
0.37539281024170956 0.9999988582402176 0.9999958296096045
0.37610025812867304 0.9999990116772985 0.9999808950872504
0.3768077060156365 0.9999992105939178 0.9999591203105824
0.37751515390260004 0.999999445612471 0.9999352300903084
0.3782226017895636 0.9999997003363517 0.9999135886125609
0.37893004967652705 0.9999999335985776 0.9998973881023344
0.3796374975634906 0.9999998780703349 0.9998876546327047
0.38034494545045405 0.9999986623965634 0.9998595681253394
0.3810523933374176 0.9999984165590095 0.9998573944209702
0.38175984122438106 0.9999983707627197 0.9998708617870934
0.3824672891113446 0.9999984404563914 0.9998952942694731
0.3831747369983081 0.9999985832264446 0.9999252485211048
0.3838821848852716 0.9999987713180286 0.9999550025050532
0.3845896327722351 0.9999989842595655 0.9999794719264701
0.3852970806591986 0.9999992058462697 0.9999950242982613
0.38600452854616213 0.9999994225053653 0.9999999942180808
0.3867119764331256 0.9999996221293466 0.9999948119341096
0.38741942432008913 0.999999792947922 0.9999817427513239
0.38812687220705266 0.9999999220613855 0.9999643090269854
0.38883432009401614 0.9999999930092216 0.9999465217634675
0.38954176798097967 0.999999980859661 0.9999320773287882
0.39024921586794314 0.9999998401207508 0.9999236732275847
0.3909566637549067 0.9999994657193582 0.9999225688656377
0.39166411164187015 0.9999984761780679 0.9999285054213812
0.3923715595288337 0.9999966240882873 0.999926685198992
0.3930790074157972 0.9999976538318668 0.9999297813210666
0.3937864553027607 0.9999983670598633 0.9999421851106253
0.3944939031897242 0.9999989013594299 0.9999590950082988
0.3952013510766877 0.9999993027944475 0.9999764086425186
0.3959087989636512 0.9999995971930199 0.999990468841638
0.3966162468506147 0.9999998021423939 0.9999985855121295
0.3973236947375782 0.9999999305800732 0.999999464214518
0.39803114262454176 0.9999999921085052 0.999993373207115
0.39873859051150523 0.9999999934294872 0.9999820055696182
0.39944603839846876 0.9999999382728156 0.999968067964412
0.40015348628543224 0.9999998268341024 0.9999546841094108
0.40086093417239577 0.9999996544631783 0.9999447364901337
0.40156838205935924 0.9999994088601335 0.9999402798708579
0.40227582994632277 0.9999990637109626 0.9999421441358824
0.4029832778332863 0.9999985619312807 0.9999498065659187
0.4036907257202498 0.9999977569942059 0.9999615695370183
0.4043981736072133 0.9999959685248365 0.9999751857086857
0.4051056214941768 0.9999984223937481 0.9999784408756132
0.4058130693811403 0.9999994736829392 0.9999850741965918
0.4065205172681038 0.9999998542776019 0.9999923892928871
0.4072279651550673 0.9999999835481993 0.9999979054058586
0.40793541304203085 0.999999995054706 0.999999999609233
0.4086428609289943 0.999999945992437 0.9999979361316014
0.40935030881595785 0.9999998636137915 0.9999919515096349
0.4100577567029213 0.99999976095295 0.9999831806895888
0.41076520458988486 0.9999996433075377 0.9999734061491428
0.41147265247684833 0.9999995111360718 0.9999646727854211
0.41218010036381186 0.9999993612880685 0.9999588452036964
0.4128875482507754 0.9999991873502131 0.9999571986315104
0.41359499613773887 0.9999989796193868 0.9999601298502442
0.4143024440247024 0.9999987257174705 0.9999670518283046
0.4150098919116659 0.9999984156497725 0.9999764996642767
0.4157173397986294 0.9999980678256989 0.9999864329963858
0.4164247876855929 0.9999978575531963 0.9999946794341109
0.4171322355725564 0.9999989310884184 0.9999994345494396
0.41783968345951994 0.9999999118815842 0.9999999089638224
0.4185471313464834 0.999999799696738 0.9999997962628745
0.41925457923344694 0.999999720621451 0.9999982436079483
0.4199620271204104 0.9999996547916556 0.9999950484942206
0.42066947500737395 0.9999995903026306 0.9999904895740288
0.4213769228943374 0.9999995186762289 0.9999852328329075
0.42208437078130095 0.9999994324849254 0.9999801952979162
0.4227918186682645 0.9999993247083411 0.9999763537735723
0.42349926655522796 0.9999991903593226 0.9999745289021009
0.4242067144421915 0.9999990330537852 0.9999751878192281
0.42491416232915497 0.9999988809848424 0.9999783090668468
0.4256216102161185 0.9999988090574119 0.9999833436174254
0.42632905810308197 0.999998925475349 0.9999892880617585
0.4270365059900455 0.9999992571996563 0.9999948636077851
0.42774395387700903 0.9999996507651713 0.9999987718302586
0.4284514017639725 0.9999999183284795 0.999999979261983
0.42915884965093604 0.9999999995547577 0.9999979682303706
0.4298662975378995 0.999999844967935 0.9999928146521647
0.43057374542486304 0.999999473415832 0.9999915315066971
0.4312811933118265 0.999999315976136 0.9999903161446353
0.43198864119879005 0.9999991064845148 0.9999888673381881
0.4326960890857536 0.9999989373296206 0.9999876939328108
0.43340353697271705 0.9999989060463209 0.9999871042291605
0.4341109848596806 0.9999990047488807 0.9999873073344003
0.43481843274664406 0.9999991455775306 0.9999883900651431
0.4355258806336076 0.9999992680638361 0.999990287156385
0.43623332852057106 0.9999993658922758 0.9999927691529853
0.4369407764075346 0.9999994674195253 0.9999954586763773
0.4376482242944981 0.9999996103111888 0.9999978785193334
0.4383556721814616 0.9999997892644452 0.9999995280610137
0.43906312006842513 0.9999999328647307 0.9999999777789214
0.4397705679553886 0.9999999953743379 0.999998966215072
0.44047801584235213 0.9999999870674154 0.9999964808342625
0.4411854637293156 0.9999998876965197 0.9999928047263821
0.44189291161627914 0.9999995726720975 0.9999885152678478
0.44260035950324267 0.9999988782656907 0.9999844226727311
0.44330780739020614 0.9999980614018894 0.9999853169637819
0.4440152552771697 0.9999985193789627 0.999989694093237
0.44472270316413315 0.9999987175609534 0.9999926473247843
0.4454301510510967 0.999998998067796 0.9999950815786675
0.44613759893806015 0.9999992648903625 0.999997062581353
0.4468450468250237 0.9999994343145279 0.9999985591568558
0.44755249471198716 0.9999996183085973 0.9999995347799701
0.4482599425989507 0.9999997914725809 0.9999999724937227
0.4489673904859142 0.9999998922917521 0.9999998840828543
0.4496748383728777 0.9999999763398947 0.9999993140671478
0.4503822862598412 1.0000000000010174 0.9999983413547854
0.4510897341468047 0.9999999680989784 0.9999970790692552
0.45179718203376823 0.9999998876801388 0.9999956721017984
0.4525046299207317 0.9999997243986297 0.9999942915148178
0.45321207780769523 0.9999994901145949 0.9999931248760682
0.45391952569465877 0.999999192044134 0.9999923619853978
0.45462697358162224 0.9999988490356045 0.9999921765646907
0.45533442146858577 0.9999983536133537 0.9999927079867557
0.45604186935554925 0.9999976650592864 0.9999940723158632
0.4567493172425128 1.999753608624536 0.9999984255856713
0.45745676512947625 1.999823097623333 0.9999998795009234
0.4581642130164398 1.9999639675244687 0.9999998617671854
0.4588716609034033 1.9998621492457251 0.9999990978979378
0.4595791087903668 1.9999913802469824 0.9999980528944755
0.4602865566773303 1.9999521660511896 0.9999970642204652
0.4609940045642938 1.999898233738548 0.9999963477208113
0.4617014524512573 1.9999467055368898 0.9999960031007066
0.4624089003382208 1.9999834984660647 0.9999960327920935
0.4631163482251843 1.999956882987168 0.9999963712127851
0.46382379611214786 1.99992381259345 0.9999969174124724
0.46453124399911133 1.9999336639361405 0.9999975642388788
0.46523869188607486 1.9999716298566466 0.9999982192520315
0.46594613977303834 1.9999915476218941 0.9999988154081723
0.46665358766000187 1.9999680830324604 0.9999993120169441
0.46736103554696534 1.9999166126933567 0.9999996878334577
0.4680684834339289 1.999876968653642 0.9999999274843194
0.4687759313208924 1.9998833815412673 0.9999999963959239
0.4694833792078559 1.9999439047872212 0.9999997448921697
0.4701908270948194 1.9999947785098557 0.9999973859476609
0.4708982749817829 1.9999600471874743 0.9999956916820599
0.4716057228687464 1.9999312851999331 0.9999949002788945
0.4723131707557099 1.999924802904146 0.9999950155496677
0.4730206186426734 1.9999381858579366 0.9999958374330965
0.47372806652963695 1.9999605861621224 0.9999970393360995
0.4744355144166004 1.9999804875393363 0.9999982727456185
0.47514296230356395 1.9999905497654507 0.9999992577820518
0.47585041019052743 1.9999892277161102 0.9999998390841178
0.47655785807749096 1.999979819141605 0.9999999989616315
0.47726530596445443 1.9999680962996924 0.9999998318396617
0.47797275385141796 1.9999596842046312 0.9999994934943937
0.4786802017383815 1.9999580401278159 0.9999991433673148
0.47938764962534497 1.9999634621984739 0.9999988974863293
0.4800950975123085 1.999973156292057 0.9999988038197576
0.480802545399272 1.9999820942792168 0.9999988429737622
0.4815099932862355 1.9999841932769125 0.9999989469107559
0.482217441173199 1.9999730126743909 0.9999990148674162
0.4829248890601625 1.9999380057452378 0.9999988322264942
0.48363233694712604 1.999921428313112 0.999997430916918
0.4843397848340895 1.9999471208542967 0.9999980314899655
0.48504723272105305 1.999967992527047 0.9999989738215315
0.4857546806080165 1.9999834575524948 0.999999720663709
0.48646212849498005 1.9999923743925387 0.9999999998477012
0.4871695763819435 1.999994754558607 0.9999997683082181
0.48787702426890706 1.999991777900494 0.9999991709146183
0.4885844721558706 1.9999854371906227 0.9999984609141965
0.48929192004283406 1.999978064630633 0.9999979020016057
0.4899993679297976 1.999971863204803 0.999997680659107
0.49070681581676107 1.9999685197818275 0.9999978532802586
0.4914142637037246 1.999968943902371 0.9999983408975415
0.49212171159068807 1.9999731476921112 0.9999989693314564
0.4928291594776516 1.9999802578906147 0.9999995387913977
0.49353660736461513 1.999988630054074 0.9999998983529742
0.4942440552515786 1.9999960132411583 0.9999999997664513
0.49495150313854214 1.999999672411236 0.9999999120134354
0.4956589510255056 1.9999962207187851 0.9999997910199827
0.49636639891246914 1.9999798254023025 0.999999814532116
0.4970738467994326 1.9999340129078542 1.0000000002686913
0.49778129468639615 1.9999474672914694 0.999999916875006
0.4984887425733597 1.9999602810365582 0.999999623605668
0.49919619046032315 1.9999726611411532 0.9999992130512291
0.4999036383472867 1.9999834436164232 0.9999988482779779
0.5006110862342501 1.9999917179996278 0.9999986763648011
0.5013185341212136 1.9999969867557577 0.999998766375033
0.5020259820081772 1.9999991736515104 0.9999990835097473
0.5027334298951407 1.9999985750720433 0.9999995040388097
0.5034408777821042 1.9999957789267213 0.9999998632490226
0.5041483256690678 1.9999915655124934 1.0000000184720252
0.5048557735560313 1.9999868018872564 0.9999999047276247
0.5055632214429947 1.99998233939012 0.9999995630737155
0.5062706693299582 1.9999789218021544 0.9999991306663705
0.5069781172169217 1.9999771090331406 0.9999987942046915
0.5076855651038852 1.999977217841329 0.9999987210862263
0.5083930129908487 1.99997927569933 0.9999989913118726
0.5091004608778122 1.9999829709725074 0.9999995548468903
0.5098079087647758 1.9999875296546374 1.0000002312243539
0.5105153566517393 1.9999909545892542 1.0000007304611855
0.5112228045387028 1.9999881087887323 1.0000011581932147
0.5119302524256663 1.9999848663198647 1.0000019364306163
0.5126377003126298 1.999982715194698 1.0000032295726908
0.5133451481995933 1.9999820181801593 1.000005513991057
0.5140525960865567 1.9999826634664197 1.0000096552524376
0.5147600439735203 1.9999843541056979 1.0000174024526218
0.5154674918604838 1.9999867076583748 1.0000325011672229
0.5161749397474473 1.9999893172825913 1.0000633980461568
0.5168823876344109 1.9999917966665035 1.0001303729852202
0.5175898355213744 1.999993813862871 1.0002863135458402
0.5182972834083379 1.9999951153293158 1.0006853890029233
0.5190047312953013 1.9999955406326602 1.001852965677658
0.5197121791822649 1.9999950282161454 1.0060591637012775
0.5204196270692283 1.9999936127362863 1.0281534253383104
0.5211270749561918 1.9999914144596858 1.3011524017629201
0.5218345228431553 1.9999886206839106 1.5216076602726822
0.5225419707301189 1.9999854569603843 1.1810470255464656
0.5232494186170824 1.9999821368369912 1.1459560179733683
0.5239568665040459 1.9999787267559974 1.1758073345226436
0.5246643143910095 1.9999740559905308 1.2780198760402797
0.5253717622779729 1.9999876452951428 1.5301394469470535
0.5260792101649364 1.999992157356101 1.9306196809707101
0.5267866580518998 1.9999936131773146 1.9021923702618049
0.5274941059388634 1.9999936847104733 1.6097481676704193
0.5282015538258269 1.9999930936095076 1.439334534521993
0.5289090017127904 1.9999922743286633 1.3665619729576253
0.529616449599754 1.9999915165535418 1.3493200504695169
0.5303238974867175 1.9999910102729106 1.3721194694089618
0.531031345373681 1.9999908638966712 1.4347446154527788
0.5317387932606444 1.999991113969282 1.5448948291476365
0.532446241147608 1.9999917325267156 1.706233292464314
0.5331536890345714 1.9999926341300929 1.887002817545741
0.5338611369215349 1.99999368295374 1.9947715899402134
0.5345685848084984 1.9999946993166449 1.9616390441658447
0.535276032695462 1.9999954639572566 1.8410257004460389
0.5359834805824255 1.9999957161828745 1.7172530451753127
0.536690928469389 1.9999951359116686 1.6263659433471258
0.5373983763563526 1.999993277130337 1.5719043411511715
0.538105824243316 1.9999893005056826 1.5490232296757123
0.5388132721302795 1.9999797782126634 1.5537029652757826
0.539520720017243 1.9999806392508097 1.5823799379548453
0.5402281679042065 1.9999856378177956 1.6337574449459862
0.54093561579117 1.9999893470454835 1.7074820292351278
0.5416430636781335 1.9999923165402151 1.798082866058623
0.5423505115650971 1.9999946437920149 1.8918990775110667
0.5430579594520606 1.9999963410029533 1.9663964718332907
0.5437654073390241 1.9999974115157642 1.9991631297083046
0.5444728552259877 1.999997874020516 1.9831293899195237
0.5451803031129511 1.9999977710581336 1.931277301985473
0.5458877509999146 1.9999971711004807 1.8652789969500854
0.546595198886878 1.999996167358873 1.802741040707058
0.5473026467738416 1.9999948746742229 1.7532634653115282
0.5480100946608051 1.9999934252226177 1.7204687536701642
0.5487175425477686 1.999991963540714 1.7049394359541368
0.5494249904347321 1.9999906413094888 1.7060969321519692
0.5501324383216957 1.999989612392677 1.7229749353068937
0.5508398862086592 1.9999890289126054 1.7542374485469472
0.5515473340956226 1.9999890402079747 1.7976996357231818
0.5522547819825862 1.9999898014121889 1.8495667671452998
0.5529622298695496 1.9999915394389745 1.9037951490740685
0.5536696777565131 1.9999974050244138 1.9514169495254092
0.5543771256434766 1.9999976707014642 1.9848696335860174
0.5550845735304402 1.9999966210193023 1.9988002466512222
0.5557920214174037 1.9999952788680049 1.9918472367539464
0.5564994693043672 1.9999939974654861 1.9678650281983392
0.5572069171913308 1.999992959358206 1.9338589435753992
0.5579143650782942 1.9999922667090972 1.8972146180985803
0.5586218129652577 1.9999919701574 1.8638354707102698
0.5593292608522212 1.9999920811278276 1.837592341917712
0.5600367087391847 1.9999925783961283 1.8205973308863614
0.5607441566261482 1.999993412327104 1.8137144269926035
0.5614516045131117 1.9999945079769146 1.816972694136854
0.5621590524000752 1.9999957673753574 1.8297763298216105
0.5628665002870388 1.9999970707967367 1.8509241899247109
0.5635739481740023 1.999998276284157 1.878505868236157
0.5642813960609658 1.9999992156956587 1.90978427406667
0.5649888439479293 1.9999996830666324 1.9412195911775774
0.5656962918348928 1.999999403521939 1.9687993959805465
0.5664037397218562 1.9999979412821522 1.98874333141886
0.5671111876088197 1.9999943275153478 1.9984231162658477
0.5678186354957833 1.9999807271623495 1.9970999915420693
0.5685260833827468 1.9999845027708887 1.9868448055094623
0.5692335312697103 1.9999875217951284 1.969751127212476
0.5699409791566739 1.9999902244806127 1.9491531173286851
0.5706484270436374 1.999992676935374 1.9282904807785928
0.5713558749306008 1.9999948450537344 1.9098700517895624
0.5720633228175643 1.9999966800608733 1.8958547592121964
0.5727707707045278 1.9999981380393919 1.8874610973584736
0.5734782185914913 1.9999991864229851 1.8852481708191582
0.5741856664784548 1.9999998065135949 1.8892128280932032
0.5748931143654183 1.9999999943746736 1.8988510636820897
0.5756005622523819 1.9999997608856823 1.913184118724718
0.5763080101393454 1.9999991312806085 1.930775491986702
0.5770154580263089 1.9999981443371095 1.9497831377301014
0.5777229059132724 1.9999968513278672 1.96809504415728
0.5784303538002359 1.9999953148300769 1.983576439648872
0.5791378016871994 1.9999936074878757 1.9944081547368255
0.5798452495741628 1.9999918108123964 1.9994335008299158
0.5805526974611264 1.9999900139753921 1.9983943944213898
0.5812601453480899 1.9999883114948998 1.9919637190857293
0.5819675932350534 1.9999867866532315 1.9815688801921747
0.582675041122017 1.9999924814674321 1.9695626919748166
0.5833824890089805 1.9999978134202503 1.957351587375525
0.584089936895944 1.9999994887088581 1.9461783843525209
0.5847973847829074 1.9999998939692714 1.9373769023419303
0.585504832669871 1.9999996304813459 1.9318262465002263
0.5862122805568344 1.9999989898134516 1.9299980908463688
0.5869197284437979 1.9999981533886317 1.9319784842434866
0.5876271763307614 1.9999972492860942 1.9374946634807106
0.588334624217725 1.9999963737380966 1.9459454097346354
0.5890420721046885 1.9999956006621422 1.9564417164780101
0.589749519991652 1.9999949863329645 1.9678708156382072
0.5904569678786156 1.9999945718279395 1.9789961663724704
0.591164415765579 1.9999943843433299 1.9885967846802095
0.5918718636525425 1.9999944378474401 1.995632374689847
0.5925793115395059 1.9999947332097 1.999402372289421
0.5932867594264695 1.9999952576837867 1.9996575866652326
0.593994207313433 1.9999959832388983 1.996631048556678
0.5947016552003965 1.9999968623259725 1.990979018291852
0.5954091030873601 1.9999978167853059 1.9836522590480947
0.5961165509743236 1.9999987031094404 1.9757374687329101
0.5968239988612871 1.9999991427711292 1.968317439134737
0.5975314467482505 1.999996224795469 1.9628417322208491
0.5982388946352141 1.9999949472152203 1.9591009568772058
0.5989463425221776 1.9999942943438462 1.957448414024314
0.599653790409141 1.9999940434900518 1.9581021919592838
0.6003612382961045 1.999994101784656 1.9609724953961363
0.6010686861830681 1.9999944013673279 1.965735987302277
0.6017761340700316 1.9999948832414798 1.9718758872116777
0.6024835819569951 1.9999954927458201 1.9787322208099478
0.6031910298439587 1.9999961780745128 1.98556826174001
0.6038984777309222 1.9999968898260012 1.9916523405159863
0.6046059256178856 1.9999975809074124 1.9963476162328262
0.6053133735048492 1.9999982064992592 1.9991961938772027
0.6060208213918126 1.9999987238996315 1.999980961005739
0.6067282692787761 1.9999990920755586 1.998751098271254
0.6074357171657396 1.9999992706759866 1.9958053306699788
0.6081431650527032 1.9999992180535333 1.9916376126971198
0.6088506129396667 1.9999988873164507 1.9868586552291008
0.6095580608266302 1.9999982179792777 1.9821102775282111
0.6102655087135938 1.9999971160481582 1.9779877034171378
0.6109729566005572 1.9999953953412863 1.9749802134152659
0.6116804044875207 1.9999925147383455 1.973439743865893
0.6123878523744841 1.9999879631867443 1.9738702671838904
0.6130953002614477 1.9999923059905775 1.9755929361857982
0.6138027481484112 1.9999945898350782 1.9783937649688366
0.6145101960353747 1.9999961742267065 1.9820647672880878
0.6152176439223382 1.9999973180724273 1.9862261310091245
0.6159250918093018 1.999998128226951 1.9904371656615707
0.6166325396962653 1.999998665230041 1.9942543399725527
0.6173399875832287 1.9999989714495714 1.9972860677524995
0.6180474354701923 1.9999990811810675 1.9992415857264094
0.6187548833571558 1.999999024847041 1.99996695905397
0.6194623312441192 1.999998830846048 1.9994619498776496
0.6201697791310827 1.9999985263345075 1.9978747696307089
0.6208772270180463 1.999998137474395 1.9954762165838977
0.6215846749050098 1.9999976893877889 1.9926187307575454
0.6222921227919733 1.9999972059253777 1.9896881473765566
0.6229995706789369 1.9999967092730782 1.9870559506151964
0.6237070185659004 1.9999962193355474 1.9850381203262277
0.6244144664528638 1.9999957526667744 1.9838642476945578
0.6251219143398273 1.9999953202371155 1.9836584647795303
0.6258293622267908 1.999994921485087 1.9844325658613382
0.6265368101137543 1.9999945216956063 1.9860925189301126
0.6272442580007178 1.9999938382629934 1.9884812235900158
0.6279517058876813 1.999997185816901 1.9913713407840976
0.6286591537746449 1.9999979936882715 1.994042936691748
0.6293666016616084 1.9999981839654812 1.9964270482300004
0.6300740495485719 1.9999981334897576 1.9983030140107876
0.6307814974355355 1.999997980351111 1.99950351240524
0.6314889453224988 1.9999977939462321 1.9999426709779133
0.6321963932094623 1.9999976140781486 1.9996264892405984
0.6329038410964258 1.999997464627762 1.99864948277885
0.6336112889833894 1.999997359522459 1.9971794227141693
0.6343187368703529 1.99999730574427 1.9954332886312178
0.6350261847573164 1.99999730499853 1.9936485379743072
0.63573363264428 1.9999973546832612 1.9920539533216421
0.6364410805312435 1.9999974484226861 1.990843723314012
0.637148528418207 1.999997576249714 1.9901573690581622
0.6378559763051703 1.9999977243946796 1.990067009675607
0.6385634241921339 1.999997874479842 1.9905725178969333
0.6392708720790974 1.9999980016009073 1.9916044283552627
0.6399783199660609 1.9999980699462512 1.9930339665888461
0.6406857678530244 1.9999980219069842 1.994689145870445
0.641393215739988 1.999997745059892 1.9963754700954013
0.6421006636269515 1.9999969185624185 1.9978998731217106
0.642808111513915 1.999994560105321 1.9991155437586303
0.6435155594008786 1.9999954586812356 1.9997723247704067
0.6442230072878421 1.999995972980734 1.999917082602265
0.6449304551748054 1.9999964082058788 1.9995889226382995
0.6456379030617689 1.9999968104279822 1.998870460971425
0.6463453509487325 1.9999971883917655 1.9978838391118678
0.647052798835696 1.9999975401058987 1.9967752783372459
0.6477602467226595 1.9999978599506512 1.9956966330569574
0.6484676946096231 1.9999981412332868 1.9947872131710709
0.6491751424965866 1.9999983772490177 1.994158232839758
0.6498825903835501 1.9999985617298257 1.993881488555192
0.6505900382705136 1.9999986889870016 1.993983149595336
0.651297486157477 1.9999987538595336 1.9944429276549733
0.6520049340444405 1.9999987514950825 1.9951984001075918
0.652712381931404 1.9999986769325913 1.9961538560938943
0.6534198298183675 1.9999985243833984 1.9971926630416474
0.6541272777053311 1.9999982859697643 1.9981917894120564
0.6548347255922946 1.999997949347392 1.9990367997100007
0.6555421734792581 1.9999974926981223 1.9996354391263114
0.6562496213662217 1.999996872322445 1.9999279123493037
0.6569570692531852 1.9999959827717253 1.9998919793061647
0.6576645171401485 1.9999944356744188 1.999538799980025
0.658371965027112 1.99999458453958 1.9988893318990788
0.6590794129140756 1.9999964606337741 1.9981732874067017
0.6597868608010391 1.9999974050431908 1.9974517194603865
0.6604943086880026 1.9999979736201141 1.9968205383469437
0.6612017565749662 1.999998322862713 1.9963599659816704
0.6619092044619297 1.999998525815532 1.9961246056884396
0.6626166523488932 1.9999986251996769 1.9961381505689877
0.6633241002358568 1.9999986495802087 1.996392133397018
0.6640315481228203 1.9999986197544166 1.9968485821089692
0.6647389960097836 1.9999985516922534 1.9974461014044078
0.6654464438967471 1.9999984580265888 1.9981085382265442
0.6661538917837106 1.9999983488505346 1.9987551022128487
0.6668613396706742 1.9999982321430911 1.999310651120249
0.6675687875576377 1.99999811396304 1.999714849182602
0.6682762354446012 1.9999979984580607 1.999929073528041
0.6689836833315648 1.9999978876646693 1.9999402609156467
0.6696911312185283 1.9999977809790028 1.9997613071226097
0.6703985791054918 1.999997673973456 1.9994280879191078
0.6711060269924551 1.9999975556685061 1.998993585426957
0.6718134748794187 1.999997401403248 1.9985198714548242
0.6725209227663822 1.9999971491293647 1.99806851543584
0.6732283706533457 1.9999965641527013 1.9976864759701036
0.6739358185403093 1.9999966241724698 1.9974137680849926
0.6746432664272728 1.9999973160617752 1.9974228153133486
0.6753507143142363 1.9999975691953995 1.9976065917752497
0.6760581622011999 1.999997699581504 1.997932038144131
0.6767656100881634 1.9999977880721371 1.9983510771599715
0.6774730579751267 1.9999978661448472 1.9988066970339868
0.6781805058620902 1.9999979473410736 1.9992405979589691
0.6788879537490538 1.9999980369268315 1.9996007848996509
0.6795954016360173 1.999998135775862 1.999848035472562
0.6803028495229808 1.99999824219534 1.9999603945299518
0.6810102974099443 1.9999983528609517 1.9999351360217978
0.6817177452969079 1.9999984632957255 1.999788007961761
0.6824251931838714 1.9999985680642 1.9995499880475875
0.6831326410708349 1.9999986607359719 1.9992621474450214
0.6838400889577982 1.9999987335947327 1.99896947278867
0.6845475368447618 1.9999987769799197 1.9987145861713196
0.6852549847317253 1.999998777986083 1.998532228851209
0.6859624326186888 1.9999987178685033 1.9984451752830965
0.6866698805056524 1.9999985664647153 1.9984619772196406
0.6873773283926159 1.999998268482747 1.9985766481841654
0.6880847762795794 1.9999977013142345 1.9987700590590587
0.688792224166543 1.999996471560046 1.9990118215588455
0.6894996720535065 1.999993838148736 1.9992708370929493
0.69020711994047 1.9999956096185847 1.9995713607917778
0.6909145678274333 1.9999965851569501 1.9998036653151072
0.6916220157143969 1.9999972829060415 1.9999436688760002
0.6923294636013604 1.9999978149168773 1.9999806508722355
0.6930369114883239 1.9999982280040096 1.999919359991512
0.6937443593752874 1.9999985476376996 1.9997783653358305
0.694451807262251 1.999998790030641 1.999586432678108
0.6951592551492145 1.9999989665515259 1.999377684902364
0.695866703036178 1.9999990855818348 1.999186332855406
0.6965741509231416 1.9999991533327415 1.9990417428938108
0.6972815988101049 1.999999174161647 1.9989645068362325
0.6979890466970684 1.9999991505902848 1.9989640113037874
0.6986964945840319 1.9999990830787004 1.999037779983238
0.6994039424709955 1.9999989695143399 1.999172601708261
0.700111390357959 1.9999988042699022 1.9993471894398211
0.7008188382449225 1.999998576503439 1.9995358842525495
0.7015262861318861 1.9999982669863767 1.9997127722851893
0.7022337340188496 1.9999978417800268 1.9998555555957807
0.7029411819058131 1.999997238273025 1.9999486159558948
0.7036486297927764 1.999996328928438 1.999984916221776
0.70435607767974 1.999994794491132 1.9999667378444774
0.7050635255667035 1.9999910194566553 1.999907642628793
0.705770973453667 1.999996639660387 1.999787702671844
0.7064784213406305 1.999998085524443 1.9996395678699421
0.7071858692275941 1.9999986683892141 1.9994941671522788
0.7078933171145576 1.9999989436190146 1.9993760815306
0.7086007650015211 1.99999907554172 1.9993041995408443
0.7093082128884847 1.9999991299925175 1.9992889050674874
0.7100156607754482 1.999999136752701 1.999330926057679
0.7107231086624115 1.9999991094390401 1.9994218024835109
0.711430556549375 1.9999990531616518 1.9995457687976208
0.7121380044363386 1.9999989676975989 1.9996826678908468
0.7128454523233021 1.9999988487273654 1.9998113981676773
0.7135529002102656 1.9999986882104568 1.999913345271352
0.7142603480972292 1.9999984747331443 1.9999752648201221
0.7149677959841927 1.999998195330169 1.999991168123865
0.7156752438711562 1.999997842333842 1.9999629232461718
0.7163826917581197 1.9999974323769814 1.9998995063025538
0.7170901396450831 1.9999970438618104 1.999815084301728
0.7177975875320466 1.999996847859714 1.9997263237660337
0.7185050354190101 1.9999970281508588 1.9996494434345335
0.7192124833059736 1.9999975470778604 1.9995975360674454
0.7199199311929372 1.9999980925902783 1.9995785882478665
0.7206273790799007 1.9999983631804406 1.9995945235779837
0.7213348269668642 1.9999985169747077 1.9996203756096969
0.7220422748538278 1.9999988142108756 1.9996586599188884
0.7227497227407913 1.9999988085475366 1.9997287433492823
0.7234571706277546 1.9999986655914541 1.9998117071307067
0.7241646185147181 1.99999841980121 1.9998916210263036
0.7248720664016817 1.99999813478776 1.9999545113163422
0.7255795142886452 1.9999979333787052 1.999990245431221
0.7262869621756087 1.9999979100763263 1.9999940012809772
0.7269944100625723 1.9999980270221263 1.9999668197014693
0.7277018579495358 1.9999981728171177 1.9999151462602591
0.7284093058364993 1.9999982707812987 1.9998494837960352
0.7291167537234629 1.9999983065273736 1.999782415485997
0.7298242016104264 1.9999983227235325 1.9997263405011503
0.7305316494973897 1.9999984098783088 1.9996913010356734
0.7312390973843532 1.99999862571036 1.999683269880376
0.7319465452713168 1.9999988890965865 1.9997032010859648
0.7326539931582803 1.9999990790712154 1.9997470161062352
0.7333614410452438 1.9999991638479353 1.9998065186505662
0.7340688889322073 1.9999991617966628 1.99987104441406
0.7347763368191709 1.9999990593737231 1.999929511461934
0.7354837847061344 1.9999988085899216 1.9999724863301196
0.7361912325930979 1.9999983692943937 1.999993934947816
0.7368986804800612 1.9999972337160281 1.9999925206727878
0.7376061283670248 1.999995775063935 1.9999800198508817
0.7383135762539883 1.999996679367045 1.9999561682925144
0.7390210241409518 1.9999970411927568 1.9999212703834004
0.7397284720279154 1.9999972512870055 1.9998816936634467
0.7404359199148789 1.9999977012997858 1.9998446868312987
0.7411433678018424 1.999997884920888 1.9998170865954947
0.741850815688806 1.9999982699558418 1.999804004564568
0.7425582635757695 1.9999984771559738 1.9998078909051251
0.7432657114627328 1.9999987486159678 1.9998281224447303
0.7439731593496963 1.9999989932860731 1.9998611489638252
0.7446806072366599 1.9999991691415575 1.9999011488887726
0.7453880551236234 1.9999993341032916 1.9999410834143831
0.7460955030105869 1.999999392485371 1.999973981095355
0.7468029508975504 2.9998913864953933 1.9999942323510214
0.747510398784514 2.999857471898525 1.999998646402308
0.7482178466714775 2.9999344230504503 1.9999870507133306
0.748925294558441 2.9998888711265232 1.9999623055417781
0.7496327424454046 2.9999909737168475 1.9999297403183445
0.7503401903323679 2.9998856832764824 1.9998961463103755
0.7510476382193314 2.9998224106814684 1.9998685388705997
0.7517550861062949 2.9999076489582075 1.9998529268809548
0.7524625339932585 2.9999586555382596 1.9998533580080957
0.753169981880222 2.999856239599115 1.999872006508283
0.7538774297671855 2.999796884517774 1.9999097032021471
0.754584877654149 2.9999072689315014 1.9999331175303963
0.7552923255411126 2.999959507845601 1.9999559171819172
0.7559997734280761 2.999951870141444 1.9999760203680337
0.7567072213150394 2.999922482086221 1.9999907452329244
0.757414669202003 2.9999076468297075 1.999998026585578
0.7581221170889665 2.9999199644673524 1.9999969445009935
0.75882956497593 2.9999502061850887 1.9999879339521416
0.7595370128628935 2.9999803229368958 1.999972738126045
0.7602444607498571 2.9999958521756707 1.999954145652173
0.7609519086368206 2.9999920841140106 1.9999355470019193
0.7616593565237841 2.9999737522251397 1.9999203601829965
0.7623668044107477 2.9999508121011074 1.999911413394013
0.763074252297711 2.9999333377573816 1.9999104083268318
0.7637817001846745 2.9999277021108144 1.9999175882662221
0.764489148071638 2.99993496475375 1.999931686554439
0.7651965959586016 2.9999513539800517 1.9999501547177503
0.7659040438455651 2.999970130003315 1.9999696061312349
0.7666114917325286 2.999983938505889 1.999986387108702
0.7673189396194922 2.99998687738483 1.9999971934756144
0.7680263875064557 2.999975737101768 1.9999996507824744
0.7687338353934192 2.9999500061877846 1.9999927320035302
0.7694412832803825 2.9999091329658283 1.9999766680045425
0.7701487311673461 2.9998836782594225 1.9999553299358692
0.7708561790543096 2.9999315249560667 1.9999459226948475
0.7715636269412731 2.9999583125157527 1.9999398848213263
0.7722710748282366 2.999973275522384 1.9999387602297227
0.7729785227152002 2.999979359937621 1.9999426403558236
0.7736859706021637 2.999979410025346 1.999950731053711
0.7743934184891272 2.9999762918595696 1.9999616218395475
0.7751008663760908 2.9999725208099726 1.9999735545289223
0.7758083142630543 2.999969936337695 1.9999846923971456
0.7765157621500176 2.999969537257435 1.999993393187206
0.7772232100369811 2.9999714859910864 1.9999984687365917
0.7779306579239447 2.9999752499213144 1.999999379435081
0.7786381058109082 2.999979831627944 1.9999963046186666
0.7793455536978717 2.999984036874391 1.999990067452578
0.7800530015848353 2.999986734668683 1.9999819487984674
0.7807604494717988 2.999987074052743 1.9999734547911177
0.7814678973587623 2.9999846347533747 1.9999660878297008
0.7821753452457259 2.999979501390005 1.9999611344232129
0.7828827931326892 2.9999722621336575 1.999959468931595
0.7835902410196527 2.999963941746769 1.9999613965297944
0.7842976889066162 2.9999558856624318 1.9999665910287248
0.7850051367935797 2.999949617042678 1.9999741731721674
0.7857125846805433 2.999946694788818 1.9999829077132087
0.7864200325675068 2.9999484437236523 1.9999914394198681
0.7871274804544703 2.9999856569150376 1.9999994596521788
0.7878349283414339 2.9999918509629646 1.9999987400882016
0.7885423762283974 2.9999910229367464 1.999993637192316
0.7892498241153607 2.9999870458871047 1.9999863671304638
0.7899572720023242 2.9999819732010073 1.9999789702781063
0.7906647198892878 2.999977171834045 1.999973171805188
0.7913721677762513 2.9999735619141537 1.9999701635856555
0.7920796156632148 2.9999716925497326 1.9999704346487954
0.7927870635501784 2.9999717838777116 1.999973731214172
0.7934945114371419 2.9999737684683776 1.9999791879696942
0.7942019593241054 2.9999773403595285 1.9999855950550645
0.794909407211069 2.9999820117968974 1.999991704344974
0.7956168550980325 2.999987174731231 1.9999964811285271
0.7963243029849958 2.9999921630972013 1.9999992613902122
0.7970317508719593 2.9999963117835655 1.999999824465221
0.7977391987589229 2.9999990084985155 1.999998395202749
0.7984466466458864 2.9999997351079886 1.9999955653878678
0.7991540945328499 2.9999980950701346 1.9999921231987947
0.7998615424198134 2.999993822449789 1.9999888261736
0.800568990306777 2.9999867630595585 1.9999862068199434
0.8012764381937405 2.9999767991074093 1.9999844899440329
0.801983886080704 2.999963597632418 1.9999835971401774
0.8026913339676673 2.9999453184537006 1.9999829650374834
0.8033987818546309 2.9999445851038984 1.9999806191046647
0.8041062297415944 2.999968684039643 1.9999866020286368
0.8048136776285579 2.9999819148464013 1.9999929193675783
0.8055211255155215 2.9999902563606398 1.9999976946155023
0.806228573402485 2.999995250097474 1.9999998441644888
0.8069360212894485 2.999997707721128 1.9999991473464982
0.807643469176412 2.9999982273689554 1.999996176993269
0.8083509170633756 2.9999973232100006 1.9999920210302917
0.8090583649503389 2.9999954602104344 1.9999879239999778
0.8097658128373024 2.9999930587816155 1.9999849745962015
0.810473260724266 2.9999904893343152 1.999983887000755
0.8111807086112295 2.999988064337034 1.9999848723305234
0.811888156498193 2.999986031123826 1.999987608545817
0.8125956043851565 2.9999845668595198 1.99999134125531
0.8133030522721201 2.9999837761480204 1.9999951181234301
0.8140105001590836 2.9999836912078703 1.9999980821397052
0.8147179480460471 2.999984274107776 1.9999997013725326
0.8154253959330107 2.9999854200809097 1.9999998548960227
0.816132843819974 2.999986960174573 1.9999987921291256
0.8168402917069375 2.9999886598071477 1.9999970376019116
0.817547739593901 2.999990205116648 1.999995275080922
0.8182551874808646 2.9999911525876457 1.9999941796115979
0.8189626353678281 2.999990737394965 1.9999941867054079
0.8196700832547916 2.99998662623293 1.9999953354332363
0.8203775311417552 2.9999807186978993 1.9999940191093466
0.8210849790287187 2.9999818653512333 1.9999932738597577
0.8217924269156822 2.9999830040243003 1.9999942672971966
0.8224998748026455 2.99998438166498 1.9999964980416474
0.8232073226896091 2.999985947259123 1.9999994223016346
0.8239147705765726 2.9999875960284146 2.000002517391338
0.8246222184635361 2.9999892176010268 2.000005492317663
0.8253296663504996 2.999990712841021 2.0000086204432552
0.8260371142374632 2.9999920012884873 2.0000131360102853
0.8267445621244267 2.9999930244598056 2.000021727691571
0.8274520100113902 2.9999937467384274 2.0000394952366642
0.8281594578983538 2.9999941545981397 2.0000763836964452
0.8288669057853171 2.9999942545675804 2.000153624910452
0.8295743536722806 2.9999940702080257 2.0003214226473585
0.8302818015592441 2.999993638303486 2.000712110703325
0.8309892494462077 2.99999300439232 2.001724126848547
0.8316966973331712 2.9999922176716325 2.0048035359685783
0.8324041452201347 2.9999913251205235 2.0170215224590007
0.8331115931070983 2.999990364293042 2.0988364141435873
0.8338190409940618 2.9999893532571016 2.9836553848277405
0.8345264888810253 2.9999882733362404 2.300230220566208
0.8352339367679888 2.9999870301554337 2.1617721575447257
0.8359413846549522 2.99998532660267 2.1471531082340407
0.8366488325419157 2.9999817867660927 2.179353105101031
0.8373562804288792 2.999985882947249 2.2700309218259664
0.8380637283158427 2.9999889779075968 2.4761024575065473
0.8387711762028063 2.9999904014954586 2.8348498248628933
0.8394786240897698 2.999991188504738 2.9737951714331547
0.8401860719767333 2.9999916872881816 2.727704531076185
0.8408935198636969 2.9999920627522365 2.514098030127983
0.8416009677506604 2.9999924012329133 2.403403723950605
0.8423084156376237 2.9999927460410336 2.356306801522833
0.8430158635245872 2.99999311321197 2.3491726053845907
0.8437233114115508 2.9999935000404214 2.3739586485390864
0.8444307592985143 2.999993890544026 2.4317579765508373
0.8451382071854778 2.999994259448075 2.528796007639386
0.8458456550724414 2.999994575352681 2.6692935749912414
0.8465531029594049 2.999994803357026 2.836448392498873
0.8472605508463684 2.999994907228044 2.9686819891089664
0.847967998733332 2.9999948510900323 2.991814259790665
0.8486754466202953 2.9999946005114655 2.908974965199441
0.8493828945072588 2.9999941227158917 2.7888373735598075
0.8500903423942223 2.9999933853351894 2.683039274202695
0.8507977902811859 2.9999923523511347 2.607815400169365
0.8515052381681494 2.9999909736134405 2.56269907379045
0.8522126860551129 2.9999891562210514 2.543634951574123
0.8529201339420764 2.999986665882546 2.547462660502368
0.85362758182904 2.9999825021352837 2.572783569144246
0.8543350297160035 2.99998589266069 2.6184556805756376
0.8550424776029668 2.999990419696716 2.682522649605795
0.8557499254899303 2.9999928304836976 2.7631981015772427
0.8564573733768939 2.999994292335916 2.8519763371794644
0.8571648212638574 2.999995158290058 2.9329935795356468
0.8578722691508209 2.999995600320195 2.986238303184466
0.8585797170377845 2.9999957268216817 2.997700904717805
0.859287164924748 2.999995618849194 2.9686642551370923
0.8599946128117115 2.9999953439703115 2.9138032723718226
0.860702060698675 2.9999949620320305 2.8509241772652874
0.8614095085856386 2.9999945274696853 2.793173855211203
0.8621169564726019 2.9999940899579194 2.7475439481744095
0.8628244043595654 2.999993694196896 2.716695313876976
0.863531852246529 2.99999337921235 2.70106704378012
0.8642393001334925 2.999993177347165 2.700216956295679
0.864946748020456 2.9999931130031103 2.713406294108212
0.8656541959074195 2.9999932010873525 2.739655866749869
0.8663616437943831 2.9999934449791645 2.7774387806008813
0.8670690916813466 2.999993833574019 2.8241299384509437
0.8677765395683101 2.9999943363738306 2.8754117026637225
0.8684839874552734 2.9999948940137227 2.9250436511896707
0.869191435342237 2.9999953964870456 2.9655654167627197
0.8698988832292005 2.9999956192703117 2.990210446569012
0.870606331116164 2.999994926151518 2.995362327697685
0.8713137790031276 2.999990753004242 2.9824206481565048
0.8720212268900911 2.9999907612150056 2.9561197845106215
0.8727286747770546 2.9999906404316605 2.9225451432033718
0.8734361226640182 2.9999906728237833 2.88786603622389
0.8741435705509817 2.9999909031680465 2.8568419194267625
0.874851018437945 2.9999913306679695 2.8325768793727715
0.8755584663249085 2.9999919356971994 2.816785240945529
0.876265914211872 2.999992688015773 2.8101899967291097
0.8769733620988356 2.99999355045374 2.812837120274358
0.8776808099857991 2.999994481066349 2.8242573272137252
0.8783882578727626 2.9999954346512654 2.843483398429366
0.8790957057597262 2.9999963639383704 2.868967310367843
0.8798031536466897 2.999997220563094 2.8984717338503394
0.8805106015336532 2.999997955848348 2.92904574442764
0.8812180494206168 2.9999985213729774 2.9572134923260878
0.8819254973075801 2.9999988692591013 2.9794597117216197
0.8826329451945436 2.999998952050923 2.9929537312152847
0.8833403930815071 2.9999987219438413 2.996264211577649
0.8840478409684707 2.9999981288901645 2.98973095768296
0.8847552888554342 2.9999971165642547 2.9753007148864627
0.8854627367423977 2.999995613757598 2.9559246111850497
0.8861701846293613 2.9999935144846583 2.9348224093542745
0.8868776325163248 2.999990623769874 2.9149019940552434
0.8875850804032883 2.999986455499026 2.8984629381753853
0.8882925282902516 2.9999783663632913 2.887273084071182
0.8889999761772152 2.999985285996761 2.8822548132908663
0.8897074240641787 2.9999903101858796 2.8821764257937437
0.8904148719511422 2.9999935740300954 2.8876927368571157
0.8911223198381057 2.999995883995028 2.8983081037921687
0.8918297677250693 2.9999975201695714 2.913080325070189
0.8925372156120328 2.9999986233752245 2.9306567768317064
0.8932446634989963 2.9999992822763857 2.9493287957032477
0.8939521113859599 2.9999995628065115 2.9671582366902993
0.8946595592729232 2.9999995203326972 2.982197737041201
0.8953670071598867 2.9999992052824824 2.9927851869595425
0.8960744550468502 2.9999986658898483 2.9978444202198675
0.8967819029338138 2.9999979495342637 2.9970939439204525
0.8974893508207773 2.9999971033450104 2.991083696498204
0.8981967987077408 2.999996174413149 2.981046637112637
0.8989042465947044 2.999995209804749 2.9686261132615477
0.8996116944816679 2.999994256503268 2.9555746550286384
0.9003191423686314 2.9999933613864824 2.943504329940736
0.901026590255595 2.9999925713546345 2.9337264605875473
0.9017340381425583 2.9999919337876997 2.927177601029225
0.9024414860295218 2.9999914976713162 2.9244048928872197
0.9031489339164853 2.999991316179846 2.9255803735037227
0.9038563818034488 2.9999914529277865 2.9305245130142823
0.9045638296904124 2.99999199994994 2.9387342681316824
0.9052712775773759 2.9999931546156735 2.949430606322408
0.9059787254643394 2.999998290464743 2.9617212206367176
0.906686173351303 2.9999996404960427 2.9732523627874183
0.9073936212382665 2.999999232426805 2.983704259060134
0.9081010691252298 2.999998406686632 2.9920240188852096
0.9088085170121933 2.999997464526817 2.9973954785522143
0.9095159648991569 2.9999965401611193 2.999373104333887
0.9102234127861204 2.9999957077908914 2.9979498206887305
0.9109308606730839 2.999995012035738 2.9935456534144165
0.9116383085600475 2.9999944797876115 2.9869221920318285
0.912345756447011 2.999994125776731 2.9790480042089422
0.9130532043339745 2.9999939555499395 2.970951245073531
0.913760652220938 2.9999939672285585 2.9635909022421734
0.9144681001079014 2.99999415261937 2.957762756565613
0.9151755479948649 2.99999449793531 2.9540419807483165
0.9158829958818284 2.9999949842338705 2.9527565231389694
0.916590443768792 2.999995587595202 2.9539824300465125
0.9172978916557555 2.9999962789912646 2.957553159412069
0.918005339542719 2.999997023707464 2.9630796671318254
0.9187127874296825 2.999997780022275 2.9699832422435084
0.9194202353166461 2.9999984965197237 2.977544670937904
0.9201276832036096 2.999999106613977 2.984971693750686
0.9208351310905731 2.9999995166419984 2.9914836697668687
0.9215425789775364 2.9999995763747185 2.9964061791849015
0.9222500268645 2.9999989867188352 2.9992591608678665
0.9229574747514635 2.9999968199460096 2.9998150009397975
0.923664922638427 2.9999897760003886 2.998163513613517
0.9243723705253906 2.9999900239336816 2.994888197535612
0.9250798184123541 2.9999906548318664 2.990428678386484
0.9257872662993176 2.9999914873469407 2.9853905976342383
0.9264947141862812 2.99999243556189 2.9804012200203913
0.9272021620732447 2.9999934405814406 2.976037170640764
0.927909609960208 2.9999944566905365 2.9727688921447086
0.9286170578471715 2.9999954464421306 2.970923391258401
0.929324505734135 2.999996378415359 2.9706640795518724
0.9300319536210986 2.999997226006241 2.9719860387402868
0.9307394015080621 2.999997966673868 2.9747241891836644
0.9314468493950256 2.9999985813960564 2.9785726323731607
0.9321542972819892 2.999999054212832 2.983115360920619
0.9328617451689527 2.9999993717843103 2.9878683256365
0.9335691930559162 2.999999522908474 2.9923306764685282
0.9342766409428795 2.9999994979409386 2.9960410872782233
0.9349840888298431 2.999999288037421 2.9986328790383476
0.9356915367168066 2.9999988840869367 2.9998790661065007
0.9363989846037701 2.9999982750874494 2.999718783837679
0.9371064324907337 2.9999974454523413 2.998260507542703
0.9378138803776972 2.9999963700777985 2.9957617100431824
0.9385213282646607 2.9999950041299903 2.9925887544573735
0.9392287761516243 2.999993258066193 2.9891654523673887
0.9399362240385878 2.9999909184005755 2.985919694745769
0.9406436719255511 2.999987216377086 2.9832327269561736
0.9413511198125146 2.9999880810429254 2.9816821282419608
0.9420585676994782 2.999992874496 2.9812187043624
0.9427660155864417 2.999995435498 2.981745336975118
0.9434734634734052 2.9999970521064974 2.9832222826558112
0.9441809113603687 2.9999980912138655 2.985484543748479
0.9448883592473323 2.999998727072808 2.988281831568894
0.9455958071342958 2.999999063557554 2.9913098711950763
0.9463032550212593 2.9999991715822336 2.994245311497893
0.9470107029082229 2.9999991040263447 2.996782463980933
0.9477181507951862 2.9999989027039553 2.9986690598915344
0.9484255986821497 2.9999986019815625 2.99973603419338
0.9491330465691132 2.9999982308076545 2.9999161125963743
0.9498404944560768 2.999997813923449 2.9992488826623935
0.9505479423430403 2.9999973726249647 2.99787191270785
0.9512553902300038 2.9999969252670007 2.99599906371947
0.9519628381169674 2.999996487612532 2.9938903914466426
0.9526702860039309 2.999996073083884 2.9918190751452243
0.9533777338908944 2.9999956929427185 2.9900391911075137
0.9540851817778577 2.9999953564025224 2.988758094049755
0.9547926296648213 2.999995070644596 2.9881166229697187
0.9555000775517848 2.999994840642709 2.9881773657424744
0.9562075254387483 2.999994668515633 2.98892093811852
0.9569149733257118 2.9999945514820077 2.9902514684154022
0.9576224212126754 2.999994474474304 2.992009864748317
0.9583298690996389 2.999994369055933 2.9939937423893026
0.9590373169866024 2.999996416552988 2.9960620364563306
0.959744764873566 2.9999975600603435 2.99779991900318
0.9604522127605293 2.999997621028158 2.999061506502104
0.9611596606474928 2.999997428478846 2.9997644355614406
0.9618671085344563 2.9999971715775335 2.999876464716219
0.9625745564214199 2.9999969238099027 2.9994328419210468
0.9632820043083834 2.999996718131324 2.9985319013727554
0.9639894521953469 2.9999965690308796 2.9973200203845467
0.9646969000823105 2.999996481264507 2.995971895050559
0.965404347969274 2.9999964539933623 2.9946685278240563
0.9661117958562375 2.9999964830001145 2.993575062395669
0.966819243743201 2.9999965619790774 2.992822671954556
0.9675266916301644 2.9999966833238587 2.9924956959122038
0.9682341395171279 2.9999968386067986 2.992623988803497
0.9689415874040914 2.9999970188395615 2.9931822247219264
0.969649035291055 2.999997214545681 2.9940954869470087
0.9703564831780185 2.9999974156311193 2.9952492908342587
0.971063931064982 2.99999761098517 2.996504369275649
0.9717713789519455 2.9999977876523665 2.997714294048799
0.9724788268389091 2.999997929224356 2.9987426635014054
0.9731862747258726 2.9999980126412895 2.9994795267941856
0.9738937226128359 2.999998001338292 2.999854493860496
