# t = 1
# W = 140
# L = 100
# alpha = 0.025
# xic = 2.5231325220201604
# plate_distance = 60.555180528483845
# E_dis = 0.0031415926535897933
# E_img = 53.504918517681155
# ei = 0.0
# ef = 0.47123889803846897
# Ne = 200
# iter_dis = 1
# Ncore = 6
Energies G0 GIMG
0.0 0.0 0.0
0.0023680346635098944 2.0537810657583567e-61 2.774570349521775e-35
0.004736069327019789 3.9901391969651345e-60 2.512603947133178e-33
0.007104103990529683 2.7666633766904535e-59 7.948898428027576e-32
0.009472138654039577 2.0195771178511176e-58 2.886245434449963e-30
0.011840173317549472 6.09505103216324e-58 5.344238063849699e-29
0.014208207981059366 3.052439934482139e-57 1.5883845849709243e-27
0.01657624264456926 8.11672597813292e-57 3.3044838299310945e-26
0.018944277308079155 2.964021942440667e-56 1.03576212379622e-24
0.02131231197158905 8.00788173779168e-56 2.962992369404123e-23
0.023680346635098944 1.8380336462479698e-55 1.0414572111492342e-21
0.026048381298608838 6.162539378325399e-55 5.925635809988408e-20
0.028416415962118732 1.4908968345998184e-54 3.894849206472243e-18
0.030784450625628627 3.320788005364327e-54 4.4066728307191283e-16
0.03315248528913852 9.755141727700051e-54 1.1405824904412095e-13
0.03552051995264842 2.3496162779111565e-53 7.976789758974221e-11
0.03788855461615831 5.247230855118753e-53 7.3756109630167e-07
0.0402565892796682 1.1445194241442495e-52 0.8865478525222783
0.0426246239431781 3.3012186403176528e-52 0.6917810807451854
0.044992658606687996 7.591428872683949e-52 0.9721277832061966
0.04736069327019789 1.670915106716941e-51 0.9259974003283026
0.04972872793370778 3.730788316346498e-51 0.9941359317587904
0.052096762597217676 1.0201101480845761e-50 0.9388835787700521
0.054464797260727574 2.3505543855670434e-50 0.9910472752842292
0.056832831924237465 5.162922510735375e-50 0.996518440126782
0.059200866587747356 1.1045382541226313e-49 0.9928181611864275
0.06156890125125725 3.1114956073991243e-49 0.9793243861584626
0.06393693591476715 7.402535331668117e-49 0.9958897662085949
0.06630497057827704 1.6598762741602862e-48 0.9946765745522209
0.06867300524178693 3.6940335115993326e-48 0.9954585822496771
0.07104103990529684 8.486647088991313e-48 0.9978020790248178
0.07340907456880673 2.46368172525682e-47 0.9834479301950853
0.07577710923231662 5.9200835549299865e-47 0.999657864338893
0.07814514389582651 1.4124773160377508e-46 0.9973001753465601
0.0805131785593364 3.319389756837564e-46 0.9983206803476009
0.0828812132228463 7.496520728552433e-46 0.999326384031011
0.0852492478863562 2.4330501372896628e-45 0.9953104408730361
0.08761728254986609 6.298238157488721e-45 0.998672958624784
0.08998531721337599 1.457147315426615e-44 0.9994658483881482
0.09235335187688588 3.4580577526941587e-44 0.9982019595405759
0.09472138654039577 9.42594637994443e-44 0.9999768862120393
0.09708942120390567 2.9070758989673535e-43 0.9980320425317428
0.09945745586741556 8.572898004801736e-43 0.9985489535846779
0.10182549053092546 2.517634799873973e-42 0.9998739334366472
0.10419352519443535 5.779801179086168e-42 0.9989123511935906
0.10656155985794524 1.3962013911800134e-41 0.99968279951813
0.10892959452145515 6.28009588751239e-41 0.9999616939707401
0.11129762918496504 1.2176165885957185e-40 0.9998992202762647
0.11366566384847493 7.441733611816729e-40 0.999975027485241
0.11603369851198482 1.5675362923638602e-39 0.9993329308835076
0.11840173317549471 4.563335706886006e-39 0.9993645047163794
0.12076976783900462 2.7896181843429135e-38 0.9999686674152508
0.1231378025025145 7.724367064479225e-38 0.9999430942455554
0.1255058371660244 2.6691646102398968e-37 0.9999931641617084
0.1278738718295343 1.638458689362566e-36 0.9996450171559431
0.13024190649304418 1.524788315612465e-36 0.9996240877571496
0.13260994115655408 3.40150894491549e-35 0.9999467164134658
0.134977975820064 2.5123416195009114e-34 0.9999324746775878
0.13734601048357387 1.5054658034314716e-33 0.9997932380085169
0.13971404514708377 1.2692683370633793e-32 0.9998730385544309
0.14208207981059368 6.169066415351053e-32 0.9998675681440862
0.14445011447410355 1.9814015425526236e-31 0.9999892801638285
0.14681814913761346 1.0614803049090128e-30 0.9999217493921938
0.14918618380112333 2.73468266615208e-28 0.9998166531585898
0.15155421846463324 8.988533607495801e-27 0.9998616870599842
0.15392225312814314 2.3826386839091584e-07 0.9999760628311487
0.15629028779165302 0.9999984714926374 0.9999968323471736
0.15865832245516293 0.998448427394753 0.9999819932350622
0.1610263571186728 0.9989471795085815 0.9999735983435909
0.1633943917821827 0.9999207320918228 0.9999873656391418
0.1657624264456926 0.9999997531167283 0.9999994566356739
0.1681304611092025 0.9999815097775105 0.999973608183881
0.1704984957727124 0.9998038639238699 0.9999100814171982
0.1728665304362223 0.9995352940785477 0.9998665053895026
0.17523456509973218 0.9997595757853768 0.9998504291563306
0.17760259976324208 0.9999997580014544 0.999634459588046
0.17997063442675199 0.9996512252140299 0.9999101786558814
0.18233866909026186 0.999892285207266 0.9999441463998366
0.18470670375377177 0.9998597448167204 0.9999563229073094
0.18707473841728164 0.9998969325792282 0.9999723143526361
0.18944277308079155 0.9998599043854617 0.9999921558713799
0.19181080774430145 0.9999260571545917 0.9999992988378209
0.19417884240781133 0.9997417110576615 0.9999780368540755
0.19654687707132124 0.9998145829636375 0.9999999618028023
0.1989149117348311 0.9998241315880974 0.9999998296501681
0.20128294639834102 0.9999885522621919 0.9999967221873846
0.20365098106185092 0.9998544805785745 0.9999907823713912
0.2060190157253608 0.9999721818963491 0.9999808223108103
0.2083870503888707 0.9999465678871612 0.9999637917886807
0.2107550850523806 0.9998648067345751 0.9999358283228347
0.21312311971589049 0.9999949433399709 0.9998859540750205
0.2154911543794004 0.9997923053664342 0.9997266733845475
0.2178591890429103 0.9999451917207796 0.9998972719612175
0.22022722370642017 0.9999732505700853 0.9999327317866896
0.22259525836993008 0.9999023554053091 0.9999450940339839
0.22496329303343995 0.9999689715761052 0.999951196398695
0.22733132769694986 0.9999911570501803 0.9999530328852981
0.22969936236045976 0.9999202370069504 0.999950149290574
0.23206739702396964 0.9999412485964451 0.9999394540896951
0.23443543168747955 0.9999989346070892 0.9999053152044649
0.23680346635098942 0.9997897474602273 0.9996428219956734
0.23917150101449933 0.9999612595146105 0.999886465732264
0.24153953567800923 0.9999948862277226 0.9999264425626677
0.2439075703415191 0.9999476345302046 0.9999425411720645
0.246275605005029 0.9999524401479412 0.9999498470497221
0.24864363966853892 0.999995115998599 0.9999514973111914
0.2510116743320488 0.99998478337495 0.9999470913042594
0.2533797089955587 0.9999369048546332 0.9999326014125731
0.2557477436590686 0.9999493534347731 0.9998926565430258
0.2581157783225785 0.9999969697107345 0.9996955690888345
0.26048381298608836 0.9999297558668107 0.999959184873184
0.2628518476495983 0.9999597655765252 0.9999808474918632
0.26521988231310817 0.9999975197353055 0.9999876233896008
0.26758791697661805 0.999989525555289 0.9999907064126784
0.269955951640128 0.9999640889016689 0.999992616830898
0.27232398630363785 0.9999684294661845 0.9999943239788233
0.27469202096714773 0.9999949735296091 0.9999964507346212
0.27706005563065766 0.9999912389821014 0.9999992483692328
0.27942809029416754 0.9999326861275567 0.9999952688573792
0.2817961249576774 0.9999706390796198 0.9998851807669508
0.28416415962118735 0.9999996007054136 0.9999248306366001
0.28653219428469723 0.9999804890573694 0.9999446429858792
0.2889002289482071 0.9999689707178171 0.9999565067852714
0.291268263611717 0.9999820367227652 0.9999650165252566
0.2936362982752269 0.9999985879713278 0.9999725631755032
0.2960043329387368 0.9999942208272303 0.9999807691036805
0.29837236760224667 0.9999725817070103 0.9999905810646654
0.3007404022657566 0.9999626663964171 0.9999995738442861
0.3031084369292665 0.9999860181420265 0.9999704699625829
0.30547647159277636 0.9999835068464701 0.9998806389821174
0.3078445062562863 0.9999684590933028 0.9999389794008634
0.31021254091979616 0.99997859492942 0.9999731278615352
0.31258057558330604 0.9999953561229353 0.9999927566562391
0.314948610246816 0.9999993578982573 0.9999999573747564
0.31731664491032585 0.999989033337604 0.9999947074430668
0.31968467957383573 0.9999785146279192 0.9999773070013461
0.3220527142373456 0.9999814001974078 0.999951395827513
0.32442074890085554 0.9999952793870062 0.9999296816095584
0.3267887835643654 0.9999962430324976 0.9999459633481835
0.3291568182278753 0.9999599135796858 0.9999598129199888
0.3315248528913852 0.9999793462264542 0.9999336912040312
0.3338928875548951 0.999996494412915 0.9999564679752994
0.336260922218405 0.9999993138493177 0.9999899265435918
0.3386289568819149 0.9999915427397269 0.9999988950600583
0.3409969915454248 0.9999845080038273 0.9999780619385862
0.34336502620893466 0.9999861584331166 0.9999617326499612
0.3457330608724446 0.9999946964177217 0.9999807304059551
0.3481010955359545 0.9999999928733336 0.9999992505259058
0.35046913019946435 0.9999902769551235 0.9999355950158332
0.3528371648629743 0.9999453157437879 0.9998458983336923
0.35520519952648416 0.9999877265348186 0.9999776876035403
0.35757323418999404 0.9999997372898765 0.9999449489465866
0.35994126885350397 0.9999967515100759 0.9999862849510026
0.36230930351701385 0.9999897550030716 1.454871570473412
0.3646773381805237 0.9999872388888079 1.2601545976722501
0.3670453728440336 0.9999912272080242 1.5441828760055827
0.36941340750754353 0.9999976005537159 1.658012144400231
0.3717814421710534 0.9999998472265926 1.5330400975318785
0.3741494768345633 0.999993589023289 1.7202672729252095
0.3765175114980732 0.9999792413794333 1.9745626863144412
0.3788855461615831 0.9999741846546774 1.915885486081465
0.381253580825093 0.999999397845748 1.8047312370263935
0.3836216154886029 0.9999973152498506 1.9537338456269497
0.3859896501521128 0.9999912790773982 1.9568436083964313
0.38835768481562266 0.9999891184638188 1.876278152764911
0.3907257194791326 0.999991995934248 1.9833596217742664
0.39309375414264247 0.999996952084277 1.9470400290750456
0.39546178880615235 0.9999999234195812 1.9636490167580223
0.3978298234696622 0.999998177557149 1.9944988752217696
0.40019785813317216 0.999991435466144 1.962121729815684
0.40256589279668203 0.9999817466214499 1.9795783730359517
0.4049339274601919 0.9999729097248129 1.9997061737282966
0.40730196212370184 0.9999997687240667 1.981837589190072
0.4096699967872117 0.999994399279302 1.9926216295649732
0.4120380314507216 0.9999910390780904 1.9884275789287955
0.41440606611423153 0.9999917550202816 1.9875523513635456
0.4167741007777414 0.9999948104699037 1.9998341983357542
0.4191421354412513 0.9999980839919739 1.9874308648130927
0.4215101701047612 0.9999999251900126 1.9956005163123045
0.4238782047682711 0.9999988750448168 1.9984518596707765
0.42624623943178097 0.9999926655206813 1.9921499077235205
0.4286142740952909 0.9999793375294583 1.9981768287602815
0.4309823087588008 0.9999823156468681 1.9978548029657877
0.43335034342231066 0.9999993279019851 1.9974542748192468
0.4357183780858206 0.9999977319980099 1.9997836957747164
0.43808641274933047 0.9999952168904683 1.9984434313164787
0.44045444741284034 0.9999913777819157 1.9993662389035816
0.4428224820763502 0.9999920181546533 1.9996786873450696
0.44519051673986015 0.9999970633426253 1.9986732446960886
0.44755855140337003 0.9999994589014208 1.9996596974733178
0.4499265860668799 0.9999991353764387 1.9994912684955553
0.45229462073038984 0.9999955333477377 1.998859455827682
0.4546626553938997 0.9999901450893118 1.999777675863339
0.4570306900574096 0.9999870326089666 1.9996193343053699
0.4593987247209195 1.9986150801754603 1.9986760335467804
0.4617667593844294 1.9982468470911419 1.9992644610963735
0.4641347940479393 1.9988992709611737 1.9998142752597259
0.4665028287114492 1.9994637113968885 1.9998474469970877
0.4688708633749591 1.9994756980361779 1.999897107574477
0.47123889803846897 1.9995011238529603 1.9999023427214984
