# t = 1
# W = 140
# L = 100
# alpha = 0.025
# xic = 2.5231325220201604
# plate_distance = 63.07831305050401
# E_dis = 0.0031415926535897933
# E_img = 53.504918517681155
# ei = 0.0
# ef = 0.47123889803846897
# Ne = 200
# iter_dis = 1
# Ncore = 6
Energies G0 GIMG
0.0 0.0 0.0
0.0023680346635098944 2.3015691854570293e-61 1.5931355522424675e-36
0.004736069327019789 4.48321929567658e-60 1.3033430086654805e-34
0.007104103990529683 3.107418772210295e-59 3.6738329059934655e-33
0.009472138654039577 2.2730254203416733e-58 1.1736688805478396e-31
0.011840173317549472 6.86383907034292e-58 1.882165905021943e-30
0.014208207981059366 3.4426944599338246e-57 4.755115192030015e-29
0.01657624264456926 9.165231983547319e-57 8.218989493736539e-28
0.018944277308079155 3.352848792347918e-56 2.0828155748974734e-26
0.02131231197158905 9.074251514788934e-56 4.6456431951638145e-25
0.023680346635098944 2.0871398302842033e-55 1.2134228034122812e-23
0.026048381298608838 7.01213223893144e-55 4.825918708398245e-22
0.028416415962118732 1.7002678482115387e-54 2.0210893498246197e-20
0.030784450625628627 3.796695959833736e-54 1.2592803111856245e-18
0.03315248528913852 1.1169516342437637e-53 1.429096453370491e-16
0.03552051995264842 2.695289111053224e-53 2.6878979807528802e-14
0.03788855461615831 6.031520079042258e-53 1.5751418910885386e-11
0.0402565892796682 1.3185003386485507e-52 9.52371665175437e-08
0.0426246239431781 3.806626140107657e-52 0.4218491368270119
0.044992658606687996 8.768077537966218e-52 0.4178610363215947
0.04736069327019789 1.9332511631622735e-51 0.8427286106027131
0.04972872793370778 4.326650080616593e-51 0.9518011309335518
0.052096762597217676 1.184093862205878e-50 0.9676881528515124
0.054464797260727574 2.7320406418245065e-50 0.9432782140156946
0.056832831924237465 6.011817181298027e-50 0.9745367210171703
0.059200866587747356 1.2896732849609974e-49 0.9972584391942177
0.06156890125125725 3.635168612559224e-49 0.9947165084419657
0.06393693591476715 8.658487608300954e-49 0.9819242786245564
0.06630497057827704 1.9458475464930043e-48 0.994970895047817
0.06867300524178693 4.3420444855270845e-48 0.9949001381202165
0.07104103990529684 9.999007858757423e-48 0.989899859411586
0.07340907456880673 2.904599922770403e-47 0.9912056663635062
0.07577710923231662 6.997141362731925e-47 0.9991795199529568
0.07814514389582651 1.6727759262215342e-46 0.9993258623994077
0.0805131785593364 3.938969539897139e-46 0.9955516493232865
0.0828812132228463 8.93145564279196e-46 0.9992904555653092
0.0852492478863562 2.897236548193311e-45 0.9955742567593168
0.08761728254986609 7.509538521928115e-45 0.996683699561937
0.08998531721337599 1.7456391849891375e-44 0.9999870984322443
0.09235335187688588 4.1621380738642155e-44 0.9983564122742191
0.09472138654039577 1.1351144817702605e-43 0.9994515056832486
0.09708942120390567 3.514220731299798e-43 0.9987216283930848
0.09945745586741556 1.0387203582410236e-42 0.9976693889383573
0.10182549053092546 3.0539116758643554e-42 0.9992561284546049
0.10419352519443535 7.082514975785117e-42 0.9999778634012565
0.10656155985794524 1.7223772366922085e-41 0.9994548318979796
0.10892959452145515 7.648255835795076e-41 0.9998581068241154
0.11129762918496504 1.5334849474007213e-40 0.9994538434586385
0.11366566384847493 9.17837094420653e-40 0.9992328059357172
0.11603369851198482 1.9917497614576298e-39 0.999763056016881
0.11840173317549471 5.668255418039812e-39 0.9999782307904486
0.12076976783900462 3.553899202064055e-38 0.9997460400949476
0.1231378025025145 9.034395629957377e-38 0.9998058996742692
0.1255058371660244 3.776258930771429e-37 0.9999610512189674
0.1278738718295343 2.0237511551758838e-36 0.9998735306887381
0.13024190649304418 2.2470831095285465e-36 0.9999619366469192
0.13260994115655408 5.1124735876192e-35 0.9999815689941571
0.134977975820064 3.4022883248222957e-34 0.9998398342941283
0.13734601048357387 1.850382503928344e-33 0.9997823624657335
0.13971404514708377 1.6655164599681133e-32 0.9998343032704836
0.14208207981059368 1.0192677213557806e-31 0.9997625017675846
0.14445011447410355 1.1239510731094427e-31 0.9999896234362723
0.14681814913761346 6.152962316483116e-30 0.9999756853698257
0.14918618380112333 2.289621916822449e-28 0.9999180286716829
0.15155421846463324 2.806858659533846e-27 0.9998571242982407
0.15392225312814314 2.880118444525171e-07 0.9998453500365386
0.15629028779165302 0.9992570645618547 0.999860006843024
0.15865832245516293 0.998847184455845 0.9997799899629725
0.1610263571186728 0.9991161482026575 0.9998686029893152
0.1633943917821827 0.9999963670295877 0.999921832833854
0.1657624264456926 0.9999762992971787 0.9999187112755757
0.1681304611092025 0.9999999642386693 0.9999129562073885
0.1704984957727124 0.999883178823871 0.9999219268837107
0.1728665304362223 0.9995636016903954 0.9999410364148965
0.17523456509973218 0.9996722295499614 0.9999498059989336
0.17760259976324208 0.9999839763031231 0.9996700077463891
0.17997063442675199 0.9997033935935683 0.9998956438217322
0.18233866909026186 0.9998540777494013 0.999941672000552
0.18470670375377177 0.9998919524656119 0.9999612729431818
0.18707473841728164 0.9998703092904716 0.999974734913904
0.18944277308079155 0.9998867341554366 0.9999858980234441
0.19181080774430145 0.9999001366130056 0.9999938123026071
0.19417884240781133 0.9997718472111112 0.9999967316120583
0.19654687707132124 0.9997671716345096 0.999837296386465
0.1989149117348311 0.9998468526065466 0.999926448439508
0.20128294639834102 0.999978950571975 0.9999579624182402
0.20365098106185092 0.9998538604798531 0.9999710533195181
0.2060190157253608 0.9999814132349871 0.9999766357239808
0.2083870503888707 0.9999350307018215 0.999977809281293
0.2107550850523806 0.9998720963567885 0.9999738532734253
0.21312311971589049 0.999998691684955 0.9999561779179374
0.2154911543794004 0.9997744576666131 0.9998335244308207
0.2178591890429103 0.9999578848705852 0.9998346193180867
0.22022722370642017 0.9999649963462013 0.9999087640442872
0.22259525836993008 0.9999021027059765 0.9999352645765408
0.22496329303343995 0.999975106893419 0.9999462481243263
0.22733132769694986 0.9999870085221951 0.9999493830581885
0.22969936236045976 0.9999173128585497 0.9999467130362533
0.23206739702396964 0.9999481237597706 0.9999380068455818
0.23443543168747955 0.999996722561681 0.9999225846801968
0.23680346635098942 0.9997858090207892 0.9999962843724628
0.23917150101449933 0.9999679262898792 0.9999840137620593
0.24153953567800923 0.9999920424328 0.9999771970162602
0.2439075703415191 0.9999445921293507 0.9999728850435531
0.246275605005029 0.9999553330587114 0.9999675710977379
0.24864363966853892 0.9999969342408255 0.9999593773951009
0.2510116743320488 0.9999814275920347 0.9999459246681365
0.2533797089955587 0.9999355075904784 0.9999226867596239
0.2557477436590686 0.9999543161664417 0.9998790932446155
0.2581157783225785 0.9999937855530191 0.9997848898693334
0.26048381298608836 0.9999274133554107 0.9999998503670133
0.2628518476495983 0.9999626637272251 0.9999942788860567
0.26521988231310817 0.9999985827354502 0.9999843422724193
0.26758791697661805 0.9999873742358923 0.9999735901384028
0.269955951640128 0.9999629121186656 0.999961664524873
0.27232398630363785 0.999970238034077 0.9999482899872367
0.27469202096714773 0.999996415261178 0.9999346552103139
0.27706005563065766 0.9999889354912468 0.9999265447401943
0.27942809029416754 0.9999301899128877 0.9999460596641837
0.2817961249576774 0.99997429091696 0.9999540431349625
0.28416415962118735 0.9999990092344004 0.9999287031784467
0.28653219428469723 0.9999785220694855 0.9999370961941427
0.2889002289482071 0.999968841141096 0.9999612156628502
0.291268263611717 0.9999834533401231 0.9999874887044136
0.2936362982752269 0.9999991532310027 0.9999999963265573
0.2960043329387368 0.9999929508631814 0.9999853966595532
0.29837236760224667 0.999971294300634 0.9999451353571904
0.3007404022657566 0.9999637587176871 0.9999096980184056
0.3031084369292665 0.9999885041583244 0.9999488128923512
0.30547647159277636 0.9999811461234587 0.9999299646757814
0.3078445062562863 0.9999677309860592 0.9999215711600568
0.31021254091979616 0.999979583050743 0.9999651531400442
0.31258057558330604 0.9999962058632643 0.999998160245168
0.314948610246816 0.9999989567450015 0.9999890247861131
0.31731664491032585 0.9999879920279029 0.9999590500711645
0.31968467957383573 0.9999782174815052 0.999962124313112
0.3220527142373456 0.999982338025487 0.9999973825467178
0.32442074890085554 0.9999962358096002 0.9999633048612032
0.3267887835643654 0.9999950208908488 0.9998503264013812
0.3291568182278753 0.9999591778240605 0.9999887462564429
0.3315248528913852 0.9999803840178642 0.9999212129875861
0.3338928875548951 0.9999971737415952 0.999971645457377
0.336260922218405 0.9999989623846184 0.9999974134906099
0.3386289568819149 0.9999907651756389 0.9999611236561562
0.3409969915454248 0.9999842221760101 0.9999760305637554
0.34336502620893466 0.9999866541317637 0.9999977108120237
0.3457330608724446 0.999995379041784 0.9999501677895032
0.3481010955359545 0.9999999195494161 0.9999777620201336
0.35046913019946435 0.999989103968152 0.9999626578575929
0.3528371648629743 0.9999447148775826 0.9998073082961962
0.35520519952648416 0.9999888309816815 0.9999475447883391
0.35757323418999404 0.9999998934936134 0.9999528253633518
0.35994126885350397 0.9999961820307137 0.9999959536047289
0.36230930351701385 0.9999892250182869 1.0000321415722875
0.3646773381805237 0.9999872486688436 1.6991003328566716
0.3670453728440336 0.9999916863795312 1.6550856940420398
0.36941340750754353 0.9999979973868857 1.6461750800529982
0.3717814421710534 0.9999997013457603 1.8151637391427093
0.3741494768345633 0.9999928886969659 1.9956484700340584
0.3765175114980732 0.9999786736390963 1.9342255452930663
0.3788855461615831 0.9999757680105551 1.8139513273942898
0.381253580825093 0.9999996495732754 1.8268605785808678
0.3836216154886029 0.9999968209223045 1.9925013713674677
0.3859896501521128 0.9999908028666349 1.923570473950667
0.38835768481562266 0.9999890615733077 1.8737847469292765
0.3907257194791326 0.9999923028598171 1.9903651367772162
0.39309375414264247 0.9999972943121337 1.9765214003884564
0.39546178880615235 0.9999999764320083 1.9503782339190783
0.3978298234696622 0.9999978418107254 1.9558730591727145
0.40019785813317216 0.9999909343910092 1.9694039063860105
0.40256589279668203 0.999981634969305 1.9637192266089245
0.4049339274601919 0.9999743968295187 1.9923238312256228
0.40730196212370184 0.99999957483423 1.9910549938741247
0.4096699967872117 0.9999938821175587 1.9805032487816476
0.4120380314507216 0.9999907731144922 1.9985718804436714
0.41440606611423153 0.9999918184556315 1.9900601845801222
0.4167741007777414 0.9999950603706622 1.9906816023989558
0.4191421354412513 0.999998318917243 1.999234033848704
0.4215101701047612 0.9999999717322983 1.996751863263717
0.4238782047682711 0.9999986398430574 1.9920880909756142
0.42624623943178097 0.9999922500807621 1.9987113751342223
0.4286142740952909 0.9999793390560074 1.9987686896268928
0.4309823087588008 0.9999831026657241 1.9961231555010874
0.43335034342231066 0.9999990523585032 1.9987451150236462
0.4357183780858206 0.9999974187304743 1.9994724688912655
0.43808641274933047 0.9999949740068894 1.9988332685295696
0.44045444741284034 0.9999913815697414 1.9997020507497951
0.4428224820763502 0.999992167614107 1.9995028343689487
0.44519051673986015 0.9999973250717158 1.9989240132123622
0.44755855140337003 0.9999996054066388 1.9997153087769417
0.4499265860668799 0.9999989508139203 1.9997065534270326
0.45229462073038984 0.9999952575107136 1.9990555574564561
0.4546626553938997 0.9999900757415842 1.9994103528538645
0.4570306900574096 0.9999873261715517 1.9999486134713835
0.4593987247209195 1.998573367541949 1.999648492997581
0.4617667593844294 1.9987567104137576 1.9993566993767173
0.4641347940479393 1.998770522704861 1.9996971779154802
0.4665028287114492 1.9996294978867428 1.999931641402421
0.4688708633749591 1.9996035271178931 1.9998844479134117
0.47123889803846897 1.999530888224695 1.999923082791447
