# t = 1
# W = 140
# L = 100
# alpha = 0.025
# xic = 2.5231325220201604
# plate_distance = 68.12457809454433
# E_dis = 0.0031415926535897933
# E_img = 53.504918517681155
# ei = 0.0
# ef = 0.47123889803846897
# Ne = 200
# iter_dis = 1
# Ncore = 6
Energies G0 GIMG
0.0 0.0 0.0
0.0023680346635098944 2.280698929638641e-61 6.085619879577461e-39
0.004736069327019789 4.4446716920528314e-60 4.136569365923773e-37
0.007104103990529683 3.0807494626284566e-59 9.466301721531308e-36
0.009472138654039577 2.2533875968686495e-58 2.4070079934079764e-34
0.011840173317549472 6.80729115455812e-58 2.9927059608423116e-33
0.014208207981059366 3.416143641654449e-57 5.698779177659098e-32
0.01657624264456926 9.099374464179842e-57 7.157616169201076e-31
0.018944277308079155 3.328421411565412e-56 1.2662483418009287e-29
0.02131231197158905 9.005545589505837e-56 1.872583234142781e-28
0.023680346635098944 2.0715692631265726e-55 3.0339503595916714e-27
0.026048381298608838 6.953041806155835e-55 6.950711290788107e-26
0.028416415962118732 1.6853660344415498e-54 1.5034750561512505e-24
0.030784450625628627 3.762742940664323e-54 4.1419790307288653e-23
0.03315248528913852 1.1065147566701962e-53 1.705817341367041e-21
0.03552051995264842 2.669943964140708e-53 8.194922317458535e-20
0.03788855461615831 5.9747466421764645e-53 6.3370960748076384e-18
0.0402565892796682 1.3060531416902488e-52 1.0403452395686922e-15
0.0426246239431781 3.770150877365533e-52 3.477332580449165e-13
0.044992658606687996 8.684281019085577e-52 6.24509057306197e-10
0.04736069327019789 1.9147218565497302e-51 0.00015179413218807233
0.04972872793370778 4.284897378004516e-51 0.9556744677074965
0.052096762597217676 1.173050362434701e-50 0.9340334744845028
0.054464797260727574 2.7068401284921584e-50 0.9330562123527972
0.056832831924237465 5.956845051927463e-50 0.9391811981164072
0.059200866587747356 1.2781212349297204e-49 0.9488918182138943
0.06156890125125725 3.6051843072742296e-49 0.953072191316721
0.06393693591476715 8.589377478949136e-49 0.9609098151707351
0.06630497057827704 1.93119214430595e-48 0.9515470604104896
0.06867300524178693 4.3124493237014404e-48 0.9999949279267843
0.07104103990529684 9.938418960377262e-48 0.9994898367131166
0.07340907456880673 2.887083062673207e-47 0.9798050418461007
0.07577710923231662 6.962856726024716e-47 0.991104618595985
0.07814514389582651 1.6661802992156602e-46 0.9971014930453604
0.0805131785593364 3.924701954238941e-46 0.9997734989546976
0.0828812132228463 8.897479724594156e-46 0.9963238859481864
0.0852492478863562 2.8991467840581346e-45 0.9959061953890284
0.08761728254986609 7.515266106653707e-45 0.9988027329541875
0.08998531721337599 1.7478052476355268e-44 0.9998462839368438
0.09235335187688588 4.1809805870038157e-44 0.9994320294872954
0.09472138654039577 1.1442225079550067e-43 0.9987934759376966
0.09708942120390567 3.5197835236850327e-43 0.9998160943930818
0.09945745586741556 1.0546313236806534e-42 0.9994017287135796
0.10182549053092546 3.096299292637495e-42 0.9988180342722868
0.10419352519443535 7.149078401315978e-42 0.9990189070179176
0.10656155985794524 1.7606043489151006e-41 0.9996986759857566
0.10892959452145515 7.867999391003611e-41 0.9999923275376454
0.11129762918496504 1.5794601898763645e-40 0.9998092193317543
0.11366566384847493 9.53523305773225e-40 0.9996769372556051
0.11603369851198482 2.0126501512761102e-39 0.9999070064981462
0.11840173317549471 6.054797933000776e-39 0.9999994522708626
0.12076976783900462 3.643595431884862e-38 0.999973779661082
0.1231378025025145 1.032001303228664e-37 0.9999840290486337
0.1255058371660244 3.6320940976853343e-37 0.9999691824170376
0.1278738718295343 2.252157029978914e-36 0.9997180275017513
0.13024190649304418 2.242063978732473e-36 0.9997448551452062
0.13260994115655408 5.184419788140856e-35 0.9997555199097239
0.134977975820064 3.7893474329430524e-34 0.9997938921101319
0.13734601048357387 2.2306438912560824e-33 0.999834641777165
0.13971404514708377 2.0123914794864905e-32 0.9998365944774864
0.14208207981059368 1.1658686324936159e-31 0.9996822534988478
0.14445011447410355 2.1541625685257056e-31 0.9999994523941725
0.14681814913761346 5.644783704927984e-30 0.9999985281680379
0.14918618380112333 5.119883441979767e-28 0.9999988901904694
0.15155421846463324 2.3004751498038188e-27 0.9999997814455559
0.15392225312814314 6.524521272021528e-08 0.9999999498797896
0.15629028779165302 0.9993709795114828 0.9999982300267174
0.15865832245516293 0.998553951776368 0.9999450182120281
0.1610263571186728 0.9990249064593996 0.9997904784799932
0.1633943917821827 0.9999787564515354 0.9998871446331149
0.1657624264456926 0.9999901694265815 0.9999142662986354
0.1681304611092025 0.9999985032368662 0.9999211291770057
0.1704984957727124 0.999863824214052 0.9999196748119346
0.1728665304362223 0.9995565164095507 0.9999151178403609
0.17523456509973218 0.9996938085563171 0.9999168728239756
0.17760259976324208 0.9999908623512271 0.9999698651115139
0.17997063442675199 0.9996924339549987 0.9999236357222588
0.18233866909026186 0.9998624205343382 0.9999252502687948
0.18470670375377177 0.9998856235043422 0.9999243436216715
0.18707473841728164 0.9998756642386227 0.9999186741119249
0.18944277308079155 0.9998814998851421 0.9999080161840076
0.19181080774430145 0.9999052244176534 0.9998925733750419
0.19417884240781133 0.999765678370005 0.9998782578545358
0.19654687707132124 0.9997759824282111 0.9999959589061568
0.1989149117348311 0.9998421728568608 0.9999431556422899
0.20128294639834102 0.9999809024477413 0.9999307959121193
0.20365098106185092 0.9998533885230682 0.9999261421414352
0.2060190157253608 0.9999797390918564 0.9999240305520842
0.2083870503888707 0.9999369670897006 0.9999253494587984
0.2107550850523806 0.9998701091320867 0.999934868419754
0.21312311971589049 0.999998164217288 0.9999623680766535
0.2154911543794004 0.9997766333610726 0.9999974810315584
0.2178591890429103 0.9999553598290428 0.999812824296243
0.22022722370642017 0.9999664228551214 0.9998824147188002
0.22259525836993008 0.9999015053565623 0.999943142062244
0.22496329303343995 0.9999738199098015 0.999986159618066
0.22733132769694986 0.9999877648932016 0.9999995426682472
0.22969936236045976 0.9999172655715988 0.9999700312140866
0.23206739702396964 0.9999464457086308 0.999899608057495
0.23443543168747955 0.999997213214278 0.9998416732924661
0.23680346635098942 0.9997848883973958 0.9999973811575471
0.23917150101449933 0.9999664023275556 0.9998737443139846
0.24153953567800923 0.999992579560189 0.9999051430605038
0.2439075703415191 0.9999447066031655 0.9999784740046169
0.246275605005029 0.9999543622583248 0.9999971567646049
0.24864363966853892 0.9999965772292455 0.9999515701293819
0.2510116743320488 0.9999819452591785 0.999918892418932
0.2533797089955587 0.9999351670901454 0.9999618031225437
0.2557477436590686 0.9999528913317082 0.9999939617990637
0.2581157783225785 0.9999944595674188 0.999550052563377
0.26048381298608836 0.999927152764861 0.9999644510249571
0.2628518476495983 0.9999616811624998 0.9999880251775395
0.26521988231310817 0.9999983705601804 0.9999359182292398
0.26758791697661805 0.9999876983587301 0.9999411906172647
0.269955951640128 0.9999627449630539 0.9999904804441998
0.27232398630363785 0.9999695259852598 0.9999857313846335
0.27469202096714773 0.9999960898654559 0.9999168267722117
0.27706005563065766 0.9999893154971404 0.9999408337367809
0.27942809029416754 0.999929905720908 0.9999708729170073
0.2817961249576774 0.9999732115261161 0.9998458896294123
0.28416415962118735 0.999999146425227 0.9999942416969458
0.28653219428469723 0.9999786869709875 0.9999189968015423
0.2889002289482071 0.999968471469762 0.999976282330108
0.291268263611717 0.9999829342776813 0.9999840395399129
0.2936362982752269 0.99999902989618 0.9999368287501698
0.2960043329387368 0.999993146978311 0.9999953900874654
0.29837236760224667 0.9999711965022896 0.999939331704764
0.3007404022657566 0.9999630274216261 0.9999302773719945
0.3031084369292665 0.9999878109587728 0.9999061882148237
0.30547647159277636 0.9999814281204593 0.9999701462917511
0.3078445062562863 0.9999674371452548 0.9999177607732568
0.31021254091979616 0.9999790673918257 0.9999800927519482
0.31258057558330604 0.9999959653018161 0.9999539889773277
0.314948610246816 0.9999990403726737 0.9999827069043828
0.31731664491032585 0.9999880544054855 0.9999539263583573
0.31968467957383573 0.9999779596896662 0.999987007586525
0.3220527142373456 0.999981859869109 0.999925193225168
0.32442074890085554 0.9999959683673864 0.9999966804004243
0.3267887835643654 0.9999952414799133 0.9997894603651621
0.3291568182278753 0.9999587158261231 0.9998617425287974
0.3315248528913852 0.9999798355194237 0.9999880372238531
0.3338928875548951 0.9999969765173152 0.9999182876473356
0.336260922218405 0.9999990338166245 0.999999605293303
0.3386289568819149 0.9999908002813047 0.9999433739311664
0.3409969915454248 0.9999840321376394 0.9999834935433835
0.34336502620893466 0.9999863196888187 0.9999722219617303
0.3457330608724446 0.9999951462349621 0.999933675677007
0.3481010955359545 0.9999999421607051 0.9999991072390225
0.35046913019946435 0.9999892045151721 0.9999055232342937
0.3528371648629743 0.9999439163567314 0.9995896906420341
0.35520519952648416 0.9999883807123713 0.9998993741191317
0.35757323418999404 0.9999998607152993 0.9999988756949205
0.35994126885350397 0.9999962527002533 0.9999681320065307
0.36230930351701385 0.9999891613050026 0.9999377066265093
0.3646773381805237 0.9999870224385892 0.9999555711754837
0.3670453728440336 0.999991433914385 1.6060066804119253
0.36941340750754353 0.9999978723855775 1.6411317125083893
0.3717814421710534 0.9999997341611436 1.769007504044281
0.3741494768345633 0.999992929524995 1.836039438851541
0.3765175114980732 0.9999784265585728 1.9452506730408834
0.3788855461615831 0.9999749582174434 1.9954141099891025
0.381253580825093 0.9999995906009126 1.890312662122578
0.3836216154886029 0.9999968800373799 1.8362381276651496
0.3859896501521128 0.9999907468471314 1.8877476125007346
0.38835768481562266 0.9999888781171989 1.921477981327402
0.3907257194791326 0.9999920953083576 1.996546656907724
0.39309375414264247 0.9999971689753167 1.979890335949513
0.39546178880615235 0.999999966222218 1.9076973001920063
0.3978298234696622 0.9999978832456784 1.948460717616422
0.40019785813317216 0.9999908870420733 1.9994951220388868
0.40256589279668203 0.9999813157491996 1.989817907949424
0.4049339274601919 0.999973545082946 1.983794402638151
0.40730196212370184 0.9999996094050416 1.9828832708708262
0.4096699967872117 0.9999938785715269 1.998411755152286
0.4120380314507216 0.9999906727213635 1.9882126828823221
0.41440606611423153 0.9999916729171202 1.9881001195493435
0.4167741007777414 0.9999949281762157 1.9949778825837208
0.4191421354412513 0.999998240585317 1.9998291750392163
0.4215101701047612 0.9999999623372632 1.9974918119293474
0.4238782047682711 0.9999986709835279 1.9939906956333504
0.42624623943178097 0.9999921873631823 1.996811003590012
0.4286142740952909 0.9999789390486359 1.9988902945855969
0.4309823087588008 0.9999829315083135 1.9997651190732373
0.43335034342231066 0.9999991248949722 1.9993194620259376
0.4357183780858206 0.9999974849837626 1.9992684541708863
0.43808641274933047 0.9999949577675697 1.9998289787269743
0.44045444741284034 0.9999912099946298 1.999591711073187
0.4428224820763502 0.9999920979676269 1.9994420092459624
0.44519051673986015 0.9999972217464647 1.9992736703718867
0.44755855140337003 0.999999558860774 1.999786597514274
0.4499265860668799 0.9999989894611108 1.9998670289811666
0.45229462073038984 0.9999952287316842 1.9995662398723633
0.4546626553938997 0.9999898979411853 1.9994845990307717
0.4570306900574096 0.9999871069118743 1.9992993784719941
0.4593987247209195 1.997965542739548 1.9990067882894047
0.4617667593844294 1.9982037696891959 1.999484681105422
0.4641347940479393 1.9988708332958667 1.9997766701725295
0.4665028287114492 1.9994604127931936 1.9998796820134046
0.4688708633749591 1.9994733983091262 1.99989893572482
0.47123889803846897 1.9994985773092466 1.999845691469214
