# t = 1
# W = 140
# L = 100
# alpha = 0.025
# xic = 2.5231325220201604
# plate_distance = 73.17084313858464
# E_dis = 0.0031415926535897933
# E_img = 53.504918517681155
# ei = 0.0
# ef = 0.47123889803846897
# Ne = 200
# iter_dis = 1
# Ncore = 6
Energies G0 GIMG
0.0 0.0 0.0
0.0023680346635098944 2.498784346841438e-61 6.715448726162617e-41
0.004736069327019789 4.8897801672508523e-60 3.9559916834171954e-39
0.007104103990529683 3.377331979641946e-59 7.709576341662094e-38
0.009472138654039577 2.483727376720672e-58 1.6461295259454395e-36
0.011840173317549472 7.499075584492917e-58 1.6855414386855333e-35
0.014208207981059366 3.776666624526935e-57 2.594011373057032e-34
0.01657624264456926 1.0063829236470853e-56 2.567395309388703e-33
0.018944277308079155 3.691359076158675e-56 3.489793397890858e-32
0.02131231197158905 9.995934660168401e-56 3.840466797127433e-31
0.023680346635098944 2.3036131624522668e-55 4.443714948325039e-30
0.026048381298608838 7.741438063894381e-55 6.998055698228171e-29
0.028416415962118732 1.87894838520646e-54 9.817630496605484e-28
0.030784450625628627 4.2028819740988293e-54 1.6248842367834885e-26
0.03315248528913852 1.2366618336716338e-53 3.724126167457867e-25
0.03552051995264842 2.988384079029704e-53 8.784937984055312e-24
0.03788855461615831 6.698430090233836e-53 2.7683749049531993e-22
0.0402565892796682 1.4661072777048178e-52 1.4031700987120605e-20
0.0426246239431781 4.238197670572983e-52 9.555665072480886e-19
0.044992658606687996 9.779824645875974e-52 1.2079398981584112e-16
0.04736069327019789 2.1590682594135643e-51 4.0509023803515475e-14
0.04972872793370778 4.8367665689043956e-51 7.38125677110857e-11
0.052096762597217676 1.3284268618241075e-50 9.073375875194348e-06
0.054464797260727574 3.0702352505177825e-50 0.7029417183395904
0.056832831924237465 6.765467614907101e-50 0.78228966574948
0.059200866587747356 1.454442306546561e-49 0.9876540520570396
0.06156890125125725 4.119439352635595e-49 0.9869878860054779
0.06393693591476715 9.82987366580542e-49 0.9809908116588313
0.06630497057827704 2.2153004026867706e-48 0.9994331764381174
0.06867300524178693 4.964394410526798e-48 0.9993339419742806
0.07104103990529684 1.1485388353315015e-47 0.996329584855255
0.07340907456880673 3.340233942444551e-47 0.9739185834874575
0.07577710923231662 8.090174277005905e-47 0.9555144822056704
0.07814514389582651 1.9428516062421615e-46 0.9841558819651439
0.0805131785593364 4.583398819182571e-46 0.9928637484056123
0.0828812132228463 1.0401202306144494e-45 0.9999306193157254
0.0852492478863562 3.4264529128743205e-45 0.9994577081007857
0.08761728254986609 8.879130353252392e-45 0.9993018779641294
0.08998531721337599 2.0699272050961125e-44 0.9990005260745454
0.09235335187688588 4.997429030173784e-44 0.9976187777020126
0.09472138654039577 1.3777456666990739e-43 0.998621427466195
0.09708942120390567 4.182993776382651e-43 0.9998849916375702
0.09945745586741556 1.2873045996213426e-42 0.9997570940383526
0.10182549053092546 3.768361383038188e-42 0.9999525087884589
0.10419352519443535 8.677512428107755e-42 0.9999616813914971
0.10656155985794524 2.1934539765266692e-41 0.9999372264001147
0.10892959452145515 9.822852289061757e-41 0.9999815055105291
0.11129762918496504 2.0467213808899314e-40 0.9999989749762492
0.11366566384847493 1.212744565984214e-39 0.9997378916064056
0.11603369851198482 2.5128214668280006e-39 0.9997825152569817
0.11840173317549471 8.101292243204134e-39 0.9998561065548688
0.12076976783900462 4.6235017503428823e-38 0.9999035122199476
0.1231378025025145 1.4772207298310117e-37 0.9999052696940138
0.1255058371660244 4.621942960454459e-37 0.9998501708350019
0.1278738718295343 3.142391067255932e-36 0.9998864800705834
0.13024190649304418 3.3729948350680827e-36 0.9997954892311275
0.13260994115655408 7.13021125915802e-35 0.9997807921678437
0.134977975820064 5.502816845365557e-34 0.9997887748140616
0.13734601048357387 3.379736348886438e-33 0.9998027154423912
0.13971404514708377 3.182141475464215e-32 0.9998289021221388
0.14208207981059368 1.9780447822487456e-31 0.9999488889182121
0.14445011447410355 3.873451057197024e-31 0.9998204863143071
0.14681814913761346 1.7763044712983534e-29 0.9998278201244949
0.14918618380112333 7.718189626621003e-28 0.999859059285114
0.15155421846463324 1.0650281577578026e-25 0.9998997999298452
0.15392225312814314 4.506274355621568e-14 0.9999484633979158
0.15629028779165302 0.998953508671081 0.999994944694021
0.15865832245516293 0.9990088336237686 0.9999077094917858
0.1610263571186728 0.99924788044767 0.9997385042283957
0.1633943917821827 0.9999954442399903 0.9999353549383141
0.1657624264456926 0.9999338989821842 0.9999952550557691
0.1681304611092025 0.9999901339280932 0.9999912454576295
0.1704984957727124 0.9999318658448474 0.9999392160746293
0.1728665304362223 0.9995988370956781 0.9998506171482385
0.17523456509973218 0.9996049385281706 0.9997700843290526
0.17760259976324208 0.9999436194796278 0.9999983300073685
0.17997063442675199 0.9997492630797199 0.9998550887727969
0.18233866909026186 0.9998211991149699 0.9998662861995572
0.18470670375377177 0.9999176071358191 0.9999376893769475
0.18707473841728164 0.9998476169976437 0.9999943658675337
0.18944277308079155 0.9999090696918402 0.9999830149339525
0.19181080774430145 0.9998761387399555 0.9998896946358088
0.19417884240781133 0.9997992799405826 0.9997826037095177
0.19654687707132124 0.9997240418429031 0.9999933749679522
0.1989149117348311 0.9998671022828918 0.9998300446377453
0.20128294639834102 0.9999682659695197 0.9998652198374728
0.20365098106185092 0.9998546489961727 0.9999641484656455
0.2060190157253608 0.9999882224775268 0.9999981901361163
0.2083870503888707 0.9999242954207188 0.9999376745945008
0.2107550850523806 0.9998794092337465 0.9998852991125536
0.21312311971589049 0.9999999785988513 0.9999594449514523
0.2154911543794004 0.9997591922552479 0.9998735982605986
0.2178591890429103 0.9999681812398096 0.9998335795333015
0.22022722370642017 0.9999567563431757 0.9999999041520474
0.22259525836993008 0.9999024206187278 0.99992311303062
0.22496329303343995 0.9999802362933744 0.9999064687245589
0.22733132769694986 0.9999826024818506 0.9999914037043356
0.22969936236045976 0.9999150053113404 0.9999499744424175
0.23206739702396964 0.9999542697627777 0.9998679832447728
0.23443543168747955 0.9999936566597978 0.9999984187446962
0.23680346635098942 0.9997830318580595 0.9994129237552531
0.23917150101449933 0.9999736162729661 0.9999957366833732
0.24153953567800923 0.9999889129392524 0.9998750625323711
0.2439075703415191 0.9999419347589196 0.9999866903156363
0.246275605005029 0.9999580755300896 0.9999435384472352
0.24864363966853892 0.9999982439326429 0.9999409600749544
0.2510116743320488 0.9999781166271176 0.999986672138319
0.2533797089955587 0.9999344236988933 0.9998691442210879
0.2557477436590686 0.9999587863211734 0.9999992469834468
0.2581157783225785 0.9999898906395058 0.9993965202647775
0.26048381298608836 0.9999254241092342 0.9999700145272896
0.2628518476495983 0.9999653285367552 0.9998767773223707
0.26521988231310817 0.9999993024793676 0.9999990757173418
0.26758791697661805 0.9999852541101681 0.9999120851782286
0.269955951640128 0.9999619005026575 0.9999980968962017
0.27232398630363785 0.9999719113766935 0.9999115845397745
0.27469202096714773 0.999997529259133 0.9999958509669777
0.27706005563065766 0.9999866141104189 0.9998461000201899
0.27942809029416754 0.9999279694505158 0.9999929768403091
0.2817961249576774 0.9999774479775929 0.9999344828033243
0.28416415962118735 0.999998237512444 0.99984834512809
0.28653219428469723 0.9999766564481625 0.9999928091546743
0.2889002289482071 0.9999687471589856 0.9999425156306392
0.291268263611717 0.9999847110704695 0.9999300401816288
0.2936362982752269 0.9999995453512983 0.9999999643769549
0.2960043329387368 0.9999916832156107 0.999925142684015
0.29837236760224667 0.9999701009785811 0.9999102928141568
0.3007404022657566 0.9999647438658913 0.9999998202280304
0.3031084369292665 0.9999905552717969 0.9998127291027242
0.30547647159277636 0.9999788434380187 0.9997959991148218
0.3078445062562863 0.9999670399183521 0.9998938495397826
0.31021254091979616 0.9999804521858372 0.9999990738739529
0.31258057558330604 0.9999969043641478 0.9999503908242181
0.314948610246816 0.999998505828097 0.9999196150758421
0.31731664491032585 0.9999869902583801 0.9999741872714364
0.31968467957383573 0.9999779204992767 0.9999983317014206
0.3220527142373456 0.9999831460214468 0.9999479039711624
0.32442074890085554 0.9999970044683324 0.9998597145079253
0.3267887835643654 0.9999937575687274 0.9997195502269343
0.3291568182278753 0.9999584045211366 0.9997441392901215
0.3315248528913852 0.9999812574346936 0.9998478347137785
0.3338928875548951 0.9999977220461268 0.9999103117732359
0.336260922218405 0.999998577245057 0.9999589959041798
0.3386289568819149 0.9999900038091722 0.9999887343701955
0.3409969915454248 0.9999839164146329 0.9999996336583215
0.34336502620893466 0.9999870568857409 0.9999970361559177
0.3457330608724446 0.9999959421724529 0.9999873490071255
0.3481010955359545 0.9999997855815439 0.9999758385063285
0.35046913019946435 0.9999879511281022 0.9999678828832633
0.3528371648629743 0.9999439219549067 0.999998020990121
0.35520519952648416 0.9999897343392106 0.9999553932484067
0.35757323418999404 0.999999974883398 0.9999420908562303
0.35994126885350397 0.999995609379989 0.9999236999269139
0.36230930351701385 0.9999886829140112 0.9999104014068912
0.3646773381805237 0.9999871941372048 0.9999277022875294
0.3670453728440336 0.9999920453685698 0.9999761328112727
0.36941340750754353 0.9999983114014971 1.0331305015731205
0.3717814421710534 0.9999995291933151 1.1511969410087417
0.3741494768345633 0.9999921911219782 1.8783491859340524
0.3765175114980732 0.9999780061009874 1.8806359971891085
0.3788855461615831 0.9999769030395961 1.9360633771372147
0.381253580825093 0.9999998169860232 1.9262456536016292
0.3836216154886029 0.9999963050110421 1.9874873663357122
0.3859896501521128 0.9999902777380888 1.9980235361583871
0.38835768481562266 0.9999889175621833 1.963453116277659
0.3907257194791326 0.9999925118551409 1.9235357548985166
0.39309375414264247 0.9999975626928127 1.9330778566606355
0.39546178880615235 0.9999999979992642 1.9483432389606026
0.3978298234696622 0.9999974987611455 1.9608867731337334
0.40019785813317216 0.9999903791133201 1.963551586782332
0.40256589279668203 0.9999812867958662 1.9970412444746508
0.4049339274601919 0.9999752299078852 1.9983227749202466
0.40730196212370184 0.9999993207795549 1.9812536968644556
0.4096699967872117 0.9999932896065601 1.9755594242606704
0.4120380314507216 0.9999904316603758 1.9884860432053366
0.41440606611423153 0.9999918050264398 1.9940743181522522
0.4167741007777414 0.9999952309231047 1.9979034614533173
0.4191421354412513 0.9999984901994651 1.999634468164359
0.4215101701047612 0.9999999934940844 1.9989420068236656
0.4238782047682711 0.9999983925393392 1.9974506968078873
0.42624623943178097 0.9999916403562471 1.9960174292841886
0.4286142740952909 0.9999787492758283 1.9967502254029745
0.4309823087588008 0.9999842783666552 1.997334542223553
0.43335034342231066 0.9999988312507648 1.9985405479790581
0.4357183780858206 0.9999971708885377 1.9994751155555692
0.43808641274933047 0.999994641772988 1.999706003453453
0.44045444741284034 0.9999910467969585 1.9995204515523117
0.4428224820763502 0.9999923370039461 1.9991602073079642
0.44519051673986015 0.9999974891539098 1.999372439501605
0.44755855140337003 0.9999996839230806 1.9992565573923462
0.4499265860668799 0.9999987536919124 1.9993803074840628
0.45229462073038984 0.9999948980490494 1.9995896171743022
0.4546626553938997 0.9999897339752343 1.9991627243613248
0.4570306900574096 0.9999877192881991 1.9996574573032888
0.4593987247209195 1.9997049539570604 1.9994407811473747
0.4617667593844294 1.9985815214284413 1.9994294974176445
0.4641347940479393 1.9988174513601302 1.999667439921297
0.4665028287114492 1.9995823916241298 1.9997748019034658
0.4688708633749591 1.999570526387803 1.9997964422211638
0.47123889803846897 1.999520912829182 1.9997448185143174
