# t = 1
# W = 140
# L = 100
# alpha = 0.025
# xic = 2.5231325220201604
# plate_distance = 25.231325220201605
# E_dis = 0.0031415926535897933
# E_img = 53.504918517681155
# ei = 0.0
# ef = 0.47123889803846897
# Ne = 200
# iter_dis = 1
# Ncore = 6
Energies G0 GIMG
0.0 0.0 0.0
0.0023680346635098944 2.3897358851239094e-61 1.8110145116778785e-06
0.004736069327019789 4.637625673032377e-60 1.0241415024410088e-05
0.007104103990529683 3.2412023064675435e-59 0.00010670763404337583
0.009472138654039577 2.3581809739941434e-58 0.011556527032418341
0.011840173317549472 7.143035579933262e-58 0.0006088670532092715
0.014208207981059366 3.570579444679682e-57 0.0012136360335868509
0.01657624264456926 9.515184507987633e-57 0.006561196965430935
0.018944277308079155 3.473023949051718e-56 0.08214282039503042
0.02131231197158905 9.39802282839927e-56 0.009006506725027843
0.023680346635098944 2.1586865458001835e-55 0.008669811047216973
0.026048381298608838 7.251979166546359e-55 0.035481588558467655
0.028416415962118732 1.756710806624755e-54 0.9685809815120162
0.030784450625628627 3.916377915083915e-54 0.05525657103276759
0.03315248528913852 1.154134975730839e-53 0.039024761154054906
0.03552051995264842 2.782511691545623e-53 0.06674269641514842
0.03788855461615831 6.220114473578393e-53 0.3580511100253247
0.0402565892796682 1.3599995456726087e-52 0.4125982939836425
0.0426246239431781 3.928471066064109e-52 0.1340023033811518
0.044992658606687996 9.040931395431541e-52 0.1147291975746943
0.04736069327019789 1.9935500926187863e-51 0.20426231866954697
0.04972872793370778 4.465949767123722e-51 0.7904894330416947
0.052096762597217676 1.2204961849846924e-50 0.6110751124783452
0.054464797260727574 2.8171410777529205e-50 0.27290202545141273
0.056832831924237465 6.202475950249509e-50 0.23386584850689934
0.059200866587747356 1.3295915867075889e-49 0.35711953741477165
0.06156890125125725 3.746061240431895e-49 0.8409762079843108
0.06393693591476715 8.934428650322764e-49 0.8339426438512206
0.06630497057827704 2.0061812432184935e-48 0.4506773343850336
0.06867300524178693 4.46495196902753e-48 0.34761893886663675
0.07104103990529684 1.0264803951402939e-47 0.4139249132856958
0.07340907456880673 2.9977197497767707e-47 0.712419315527141
0.07577710923231662 7.197725928199423e-47 0.9997587861154196
0.07814514389582651 1.7191252975347852e-46 0.7502966415363419
0.0805131785593364 4.061381256911413e-46 0.5287806534627703
0.0828812132228463 9.240440118028744e-46 0.492431837761403
0.0852492478863562 2.978290549267173e-45 0.6360915707117558
0.08761728254986609 7.779102727898045e-45 0.8955769689821106
0.08998531721337599 1.80929442941962e-44 0.9845321677435106
0.09235335187688588 4.267593990587244e-44 0.7844016616181008
0.09472138654039577 1.1606338247226937e-43 0.6350433965485451
0.09708942120390567 3.745655262739282e-43 0.6303787914769245
0.09945745586741556 1.0553529512458828e-42 0.7674725188581936
0.10182549053092546 3.155513369624279e-42 0.9510281235669952
0.10419352519443535 7.446130331589204e-42 0.9832258523471799
0.10656155985794524 1.735331693967013e-41 0.8422577139491506
0.10892959452145515 7.853577999938642e-41 0.7283339095070989
0.11129762918496504 1.5223436532003907e-40 0.7213446038223866
0.11366566384847493 9.230721995105301e-40 0.8283935670530971
0.11603369851198482 2.1795120079098275e-39 0.9612351076382001
0.11840173317549471 5.2896555932043614e-39 0.9929223571461383
0.12076976783900462 3.950510347181395e-38 0.8997891273582213
0.1231378025025145 7.325779857042354e-38 0.8053932237212925
0.1255058371660244 4.702127204211541e-37 0.7835680096947275
0.1278738718295343 1.8430063302823895e-36 0.8533176057731818
0.13024190649304418 2.713778700710155e-36 0.9554259768655415
0.13260994115655408 6.198228271338799e-35 0.999568391294595
0.134977975820064 3.377513248729292e-34 0.9478992503528867
0.13734601048357387 1.5660512324455816e-33 0.8706966860544508
0.13971404514708377 1.3880760610462268e-32 0.8371607617152861
0.14208207981059368 1.1296424465544218e-31 0.8660626418095223
0.14445011447410355 1.4407431667734593e-31 0.9451718149889212
0.14681814913761346 1.3803358355826592e-29 0.9976396732585809
0.14918618380112333 4.150350564229302e-29 0.9796568964734435
0.15155421846463324 3.101590533477293e-26 0.9217779362471501
0.15392225312814314 1.5180804867926278e-10 0.8822642621843766
0.15629028779165302 0.9989895330946211 0.8888887947852544
0.15865832245516293 0.9991756246530541 0.9355387483359738
0.1610263571186728 0.9990831647850092 0.9891265392532362
0.1633943917821827 0.9997911303925926 0.995628608999311
0.1657624264456926 0.9999821423676707 0.9572879020140145
0.1681304611092025 0.9999542954196077 0.9171463298151785
0.1704984957727124 0.9997660334585311 0.9081819430413968
0.1728665304362223 0.9995348393452724 0.9350311050074063
0.17523456509973218 0.999787936057 0.9771260464856123
0.17760259976324208 0.9999974190092007 0.9998435897875443
0.17997063442675199 0.9996427351420321 0.9820945454530196
0.18233866909026186 0.999897907748448 0.9467694170852053
0.18470670375377177 0.9998562189719075 0.9277140500651259
0.18707473841728164 0.999898438922264 0.9387610229701318
0.18944277308079155 0.9998587540435472 0.9702964198224251
0.19181080774430145 0.9999256030798049 0.9965466242132552
0.19417884240781133 0.9997416783232294 0.9956223861735702
0.19654687707132124 0.999810702789008 0.9702336877070781
0.1989149117348311 0.999825124083739 0.9453047693221965
0.20128294639834102 0.9999874948908944 0.9433968625156548
0.20365098106185092 0.9998532214490032 0.9643713131677855
0.2060190157253608 0.9999735690391156 0.9905415110924273
0.2083870503888707 0.999944035501256 0.9997575232178194
0.2107550850523806 0.9998650377512278 0.9860861515520458
0.21312311971589049 0.999995941466327 0.9648414676595339
0.2154911543794004 0.9997860344214967 0.9548394493183376
0.2178591890429103 0.9999480405235042 0.9629087446516544
0.22022722370642017 0.9999708314510586 0.9845810315826212
0.22259525836993008 0.9999012181630241 0.9992680422474033
0.22496329303343995 0.9999705515173135 0.9944503476554376
0.22733132769694986 0.9999898264023078 0.9768635772622973
0.22969936236045976 0.9999183549073528 0.9638426267011786
0.23206739702396964 0.9999429778586714 0.966408842936383
0.23443543168747955 0.9999982711681079 0.9817567260241458
0.23680346635098942 0.99978588880781 0.996411552800265
0.23917150101449933 0.9999633854204939 0.9988952466925868
0.24153953567800923 0.9999937952096106 0.9868166705573036
0.2439075703415191 0.9999457874703742 0.9727119859148043
0.246275605005029 0.9999530417940079 0.9696617424548948
0.24864363966853892 0.9999958678258843 0.9800057262444479
0.2510116743320488 0.9999831927279204 0.9943656484162661
0.2533797089955587 0.9999354933372175 0.999907289274466
0.2557477436590686 0.9999509599817821 0.9926583469901913
0.2581157783225785 0.9999956247941354 0.9813965466775977
0.26048381298608836 0.999927777316305 0.9749360153421974
0.2628518476495983 0.9999606118028485 0.9800638272634163
0.26521988231310817 0.9999980306372603 0.9920493803736528
0.26758791697661805 0.999988368883288 0.9997536945971143
0.269955951640128 0.9999630290580962 0.9962347616927791
0.27232398630363785 0.9999689111549822 0.9857662920915821
0.27469202096714773 0.9999956654379936 0.9789157967012004
0.27706005563065766 0.9999899716852694 0.9820492801009804
0.27942809029416754 0.9999304743989877 0.9920309482375439
0.2817961249576774 0.9999721748918908 0.9992321014148257
0.28416415962118735 0.9999993146039656 0.9983152714648867
0.28653219428469723 0.9999791675164273 0.9903423669473752
0.2889002289482071 0.9999684562681295 0.9832032882997473
0.291268263611717 0.9999825641178326 0.9837334483289033
0.2936362982752269 0.999998899683431 0.9913858855229163
0.2960043329387368 0.9999934396144493 0.9988248720240169
0.29837236760224667 0.999971456979697 0.9989255294786252
0.3007404022657566 0.9999627510900944 0.9921507805059181
0.3031084369292665 0.9999872797275129 0.9860742856852888
0.30547647159277636 0.9999819151532123 0.986861332420891
0.3078445062562863 0.9999675664398956 0.9925230193239806
0.31021254091979616 0.9999788608367463 0.9986778465734525
0.31258057558330604 0.9999958023169562 0.9994491288107067
0.314948610246816 0.9999991194546187 0.9942403787997786
0.31731664491032585 0.9999882429774806 0.9884423989481151
0.31968467957383573 0.9999780055527391 0.9878782640078504
0.3220527142373456 0.9999816922523656 0.9931159433201328
0.32442074890085554 0.9999958094685325 0.9989045132788653
0.3267887835643654 0.9999954475789294 0.9993160605796558
0.3291568182278753 0.9999588201141945 0.9948280067931199
0.3315248528913852 0.9999796729581771 0.9905789471223547
0.3338928875548951 0.999996877923106 0.9904799097951338
0.336260922218405 0.999999086690478 0.9947019537590234
0.3386289568819149 0.9999909096726503 0.999168221031895
0.3409969915454248 0.9999840724003408 0.9994726183249607
0.34336502620893466 0.9999862581516067 0.9954217194372532
0.3457330608724446 0.9999950631331047 0.9912948097922151
0.3481010955359545 0.9999999536270318 0.9914042161560958
0.35046913019946435 0.9999893500666105 0.995714729334901
0.3528371648629743 0.9999440171696963 0.9997256586310804
0.35520519952648416 0.9999882655574492 0.999027761073348
0.35757323418999404 0.9999998458285246 0.9953969422014622
0.35994126885350397 0.999996317201291 0.9926866661843087
0.36230930351701385 0.9999892236638652 0.993620760221829
0.3646773381805237 0.9999870293351286 0.9972486108076372
0.3670453728440336 0.9999913935955942 0.9998853107202492
0.36941340750754353 0.9999978360230691 0.9988057632160723
0.3717814421710534 0.9999997494847516 0.9951852531433938
0.3741494768345633 0.9999929971709567 1.0648956805877787
0.3765175114980732 0.9999784773264198 1.1747526312355352
0.3788855461615831 0.9999748057423404 1.2758158062608698
0.381253580825093 0.9999995728792995 1.767329592409711
0.3836216154886029 0.9999969148241571 1.3780668788492827
0.3859896501521128 0.9999907750083434 1.6810023374098024
0.38835768481562266 0.9999888771146285 1.664613825384902
0.3907257194791326 0.9999920734378878 1.5613028885811246
0.39309375414264247 0.999997148073598 1.9732251918873547
0.39546178880615235 0.9999999639137008 1.6851786137153293
0.3978298234696622 0.9999979007331761 1.7071717597542462
0.40019785813317216 0.999990903916554 1.9872393926245187
0.40256589279668203 0.9999812900127619 1.803045295922082
0.4049339274601919 0.9999734067257983 1.7352171427188052
0.40730196212370184 0.9999996129158627 1.9042414542675052
0.4096699967872117 0.9999938790031397 1.9487897016204327
0.4120380314507216 0.9999906686257701 1.8196687049046276
0.41440606611423153 0.9999916647030581 1.8424349559991873
0.4167741007777414 0.9999949177191202 1.9708058452119703
0.4191421354412513 0.9999982329690204 1.9456906645334444
0.4215101701047612 0.9999999617274483 1.8414712385788679
0.4238782047682711 0.999998669890769 1.8523448888415943
0.42624623943178097 0.999992147520631 1.9567022073595506
0.4286142740952909 0.9999788389323516 1.9897118367088713
0.4309823087588008 0.9999830282319322 1.916685622908478
0.43335034342231066 0.9999991329223504 1.8808503578401734
0.4357183780858206 0.9999974823600436 1.9178988367262038
0.43808641274933047 0.9999949177252859 1.9755796886944434
0.44045444741284034 0.9999911294702052 1.972857160103061
0.4428224820763502 0.9999920961052526 1.9322560299025986
0.44519051673986015 0.9999972302965576 1.9245717398579085
0.44755855140337003 0.9999995687789441 1.9585612533541408
0.4499265860668799 0.9999989568067228 1.9846538634590856
0.45229462073038984 0.9999951539315848 1.9659086108862254
0.4546626553938997 0.9999898467098212 1.9346371716279716
0.4570306900574096 0.9999873962599872 1.935679464465423
0.4593987247209195 1.999516201666213 1.9694610353223072
0.4617667593844294 1.9980940183085065 1.9956056228547134
0.4641347940479393 1.9989873300084346 1.985842141114117
0.4665028287114492 1.9993978120650044 1.9565577519110438
0.4688708633749591 1.999430694895418 1.9430728128578805
0.47123889803846897 1.999494995550907 1.9589626890729381
