# t = 1
# W = 200
# L = 50
# alpha = 0.025
# xic = 2.5231325220201604
# plate_distance = 50.46265044040321
# E_dis = 3.141592653589793e-07
# E_img = 63.41323676169618
# ei = 0.12566370614359174
# ef = 0.9738937226128359
# Ne = 1200
# iter_dis = 1
# Ncore = 5
Energies G0 GIMG
0.12566370614359174 8.118830776881637e-18 1.240063649884176e-16
0.12637115403055524 1.0687525243335823e-17 1.518336821238773e-16
0.12707860191751874 8.39678816365783e-18 1.863520540815614e-16
0.12778604980448224 3.871192337807073e-18 2.3005637384037644e-16
0.12849349769144577 8.785534250239814e-18 2.873599773362202e-16
0.12920094557840928 3.0962376729360375e-17 3.5471839365854777e-16
0.12990839346537278 4.0414873098699566e-17 4.3764354535310977e-16
0.13061584135233628 1.9227165770440947e-17 5.402040876415797e-16
0.13132328923929978 1.2192500298032102e-17 6.673746292362577e-16
0.1320307371262633 5.824281592556783e-17 8.253862438727053e-16
0.1327381850132268 1.0867654469612182e-16 1.0220966820204546e-15
0.13344563290019032 6.799967819955419e-17 1.2674524755905131e-15
0.13415308078715382 2.6461210307886224e-17 1.57408431931272e-15
0.13486052867411732 2.299887491580093e-16 1.9580841775164636e-15
0.13556797656108083 3.348670612030019e-16 2.4400319096259143e-15
0.13627542444804433 6.873938801666177e-17 3.046376288887906e-15
0.13698287233500783 2.9632930535602787e-16 3.8113583671472226e-15
0.13769032022197134 8.425329536856062e-16 4.7799195199362504e-15
0.13839776810893484 2.730620467070245e-16 6.013337180089203e-15
0.13910521599589837 8.831902450143713e-16 7.656392902207646e-15
0.13981266388286187 2.2420192708799615e-15 9.728340051411052e-15
0.14052011176982537 2.150130550892741e-16 1.2308796511835533e-14
0.14122755965678888 3.853106408223561e-15 1.5582896620627473e-14
0.14193500754375238 2.7448706761055292e-15 1.975390376073941e-14
0.14264245543071588 5.320758768368647e-15 2.5082749492483632e-14
0.14334990331767938 8.843185809363677e-15 3.190855609800734e-14
0.1440573512046429 9.647035954020861e-15 4.067424434745228e-14
0.14476479909160642 1.5307929591151606e-14 5.1960440437776886e-14
0.14547224697856992 4.43464731894772e-14 6.653096937692455e-14
0.14617969486553342 2.445968335140229e-15 8.539435154097205e-14
0.14688714275249692 9.624236736157866e-14 1.0988756969771522e-13
0.14759459063946043 2.2686420607427065e-13 1.4179134939236618e-13
0.14830203852642393 2.2580474683106847e-13 1.8349147674431525e-13
0.14900948641338746 2.7808529744918415e-13 2.3821222789492754e-13
0.14971693430035096 9.04307401496711e-13 3.1038540298449236e-13
0.15042438218731446 2.9150322956836242e-12 4.0648070321931086e-13
0.15113183007427797 2.8144433730614276e-13 5.394892200158824e-13
0.15183927796124147 3.323666850208079e-13 7.096824323431415e-13
0.15254672584820497 5.87179065129807e-11 9.347025946277795e-13
0.15325417373516848 2.298244186092961e-10 1.2340357048219278e-12
0.153961621622132 2.9376320313071425e-08 1.6338737053576619e-12
0.1546690695090955 0.9998605178768689 2.1700286938838817e-12
0.155376517396059 0.9998525678636947 2.8917668326180532e-12
0.1560839652830225 0.9999736386908111 3.867198954221357e-12
0.15679141316998602 0.9997683297236549 5.190947919786723e-12
0.15749886105694952 0.999904767767068 6.9951310478050986e-12
0.15820630894391302 0.9999527638986739 9.465197985122161e-12
0.15891375683087655 0.9997423441953462 1.2862942357714238e-11
0.15962120471784005 0.9998472731104222 1.7560237244052696e-11
0.16032865260480356 0.999999886362951 2.4089085326651552e-11
0.16103610049176706 0.9998483431176554 3.321730334313687e-11
0.16174354837873056 0.9996292500111743 4.6067806163870866e-11
0.16245099626569406 0.9997139337273666 6.433717651124608e-11
0.16315844415265757 0.9999967747127976 9.116533359651948e-11
0.1638658920396211 0.9998399836081379 1.2840678102368073e-10
0.1645733399265846 0.9997424175722754 1.8160112043266894e-10
0.1652807878135481 0.9998009714518171 2.5822094895901435e-10
0.1659882357005116 0.999922978128649 3.6936426884833546e-10
0.1666956835874751 0.9999958728645844 5.317444779606509e-10
0.1674031314744386 0.9999805055336247 7.707591050357887e-10
0.1681105793614021 0.9999132622942655 1.1253496079913819e-09
0.16881802724836564 0.9998574061784162 1.6557874878951512e-09
0.16952547513532915 0.9998540683271777 2.4562903156578525e-09
0.17023292302229265 0.9999014423482174 3.6757087463596322e-09
0.17094037090925615 0.999964189895552 5.551884366679316e-09
0.17164781879621965 0.9999991229219236 8.46950980189021e-09
0.17235526668318316 0.9999802093345911 1.3059068867285248e-08
0.17306271457014666 0.999911457562772 2.036898490849966e-08
0.1737701624571102 0.9998246087386029 3.217152389744351e-08
0.1744776103440737 0.9997656840098947 5.152335201304994e-08
0.1751850582310372 0.9997801450337421 8.388107059615222e-08
0.1758925061180007 0.9999793038047634 1.3924188079987654e-07
0.1765999540049642 0.9999948746228955 2.3253082142939323e-07
0.1773074018919277 0.9999544382869169 3.9517681701118376e-07
0.1780148497788912 0.9999096307212783 6.850019494037513e-07
0.17872229766585473 0.9998848914784705 1.214053490445916e-06
0.17942974555281824 0.9998877174043671 2.2063622640221915e-06
0.18013719343978174 0.9999131063364574 4.126040489318437e-06
0.18084464132674524 0.9999488340236959 7.974814877946369e-06
0.18155208921370874 0.99998097023184 1.602150892638568e-05
0.18225953710067225 0.99999848541773 3.3710141093983625e-05
0.18296698498763575 0.9999961383581877 7.506286831687528e-05
0.18367443287459928 0.999975355231455 0.00017959114273847116
0.18438188076156278 0.9999432861210648 0.0004726861358083481
0.18508932864852629 0.9999105552071368 0.0014247507371950197
0.1857967765354898 0.9998883719520092 0.005320787554687742
0.1865042244224533 0.999885651395071 0.029851456299609166
0.1872116723094168 0.9999066282811034 0.4471255635933987
0.1879191201963803 0.9999491329885319 0.41403217529278996
0.18862656808334383 0.9999991880178173 0.19743035206879814
0.1893340159703073 0.999968072183821 0.20226142309892708
0.19004146385727083 0.9999370429092009 0.3092911161365537
0.19074891174423433 0.9999182691637015 0.5976242186799682
0.19145635963119784 0.9999143344914819 0.9795817123694384
0.19216380751816134 0.9999235010252021 0.8452088093410426
0.19287125540512484 0.9999414901168105 0.5841723056653368
0.19357870329208837 0.9999628905643316 0.4581782170873558
0.19428615117905185 0.9999823662808055 0.42276348070738673
0.19499359906601538 0.9999956110736423 0.4475116874704935
0.19570104695297888 0.9999999898659142 0.5270224628315716
0.19640849483994238 0.9999948394090862 0.6638057963782635
0.19711594272690589 0.9999814419240427 0.8394356458977156
0.1978233906138694 0.9999627204051278 0.9768267282097896
0.19853083850083292 0.9999427299249103 0.9872208399212979
0.1992382863877964 0.9999260346344461 0.8924119280844546
0.19994573427475992 0.9999170701131284 0.7785765949771677
0.20065318216172343 0.999919620274167 0.6937320113588483
0.20136063004868693 0.9999367832940961 0.6474851047822369
0.20206807793565043 0.9999897008057962 0.6382563589003801
0.20277552582261393 0.9999975789745211 0.654040028154023
0.20348297370957746 0.9999839118628333 0.6974382801852103
0.20419042159654094 0.9999683839138581 0.7642161436165078
0.20489786948350447 0.9999561265213137 0.8458057806064103
0.20560531737046797 0.9999493863505672 0.925966206940793
0.20631276525743147 0.9999487477802672 0.9828386874129834
0.20702021314439498 0.9999536158173318 0.9997357315446577
0.20772766103135848 0.9999625659701142 0.9765852835905203
0.208435108918322 0.9999736659216886 0.9285964712948869
0.20914255680528548 0.9999847817475576 0.8745503410463349
0.20985000469224901 0.9999938586339443 0.8279950786143605
0.21055745257921252 0.9999991614825708 0.7958280595291717
0.21126490046617602 0.9999994624773038 0.7804245018822805
0.21197234835313952 0.9999941667745752 0.7817882672157389
0.21267979624010303 0.9999833721695052 0.798669330513262
0.21338724412706656 0.9999678622613152 0.8287694482834166
0.21409469201403003 0.9999490310143236 0.8684160672074606
0.21480213990099356 0.9999287044622119 0.9121766267848633
0.21550958778795706 0.9999084552804166 0.9530338909250098
0.21621703567492057 0.9999464225266778 0.9827408624292212
0.21692448356188407 0.9999828082703961 0.9981777646853667
0.21763193144884757 0.9999965130316371 0.9979060832620097
0.2183393793358111 0.9999999999347435 0.9836180601438944
0.21904682722277458 0.9999974919758157 0.9601047320749304
0.2197542751097381 0.9999916344266258 0.9331662037745961
0.2204617229967016 0.9999844363726578 0.9079422588032534
0.2211691708836651 0.9999774811097498 0.8881266816059851
0.22187661877062861 0.9999719660301911 0.8759029599147995
0.22258406665759212 0.9999687003858166 0.872201531719342
0.22329151454455565 0.9999681007016401 0.8769783692673709
0.22399896243151912 0.9999701975280364 0.8893881180338704
0.22470641031848265 0.9999746571287906 0.9078515008470385
0.22541385820544615 0.9999808165414175 0.9300908236203582
0.22612130609240966 0.9999877265702387 0.9532455274121293
0.22682875397937316 0.9999941922883357 0.974174084269311
0.22753620186633666 0.9999987899891781 0.9899733816384368
0.2282436497533002 0.9999998075844189 0.9986055849229765
0.22895109764026367 0.9999949259402262 0.9993960307680366
0.2296585455272272 0.999979625004109 0.9931824503292365
0.2303659934141907 0.9999290743922171 0.9826374089776324
0.2310734413011542 0.999944337806014 0.9697726358527686
0.2317808891881177 0.9999563254927257 0.9560833203787567
0.2324883370750812 0.9999676960953641 0.9437684069109676
0.23319578496204474 0.9999780065049558 0.9344047094420088
0.2339032328490082 0.9999867096464197 0.9290104554621134
0.23461068073597174 0.9999933813814689 0.9280552000679338
0.23531812862293525 0.9999977722509507 0.931500092570005
0.23602557650989875 0.9999998181732435 0.9388464669489447
0.23673302439686225 0.9999996334839185 0.9491896954655621
0.23744047228382575 0.9999974930894144 0.9612925576214847
0.23814792017078928 0.9999938069296859 0.9736991870500192
0.23885536805775276 0.9999890890396026 0.9849030386486307
0.2395628159447163 0.9999839232523676 0.9935599099042537
0.2402702638316798 0.9999789275181533 0.9987073755147068
0.2409777117186433 0.9999747188241227 0.9999314751725529
0.2416851596056068 0.9999718808960821 0.9974269569746655
0.2423926074925703 0.9999709376834501 0.9919315994293738
0.24310005537953383 0.9999723388918106 0.9845609723201852
0.2438075032664973 0.9999764791017873 0.9766035426335292
0.24451495115346084 0.9999838842625158 0.9693580201028271
0.24522239904042434 0.999999587969443 0.9647511580742859
0.24592984692738784 0.999997794540395 0.9612841050810103
0.24663729481435134 0.9999928946077046 0.9597830911511692
0.24734474270131485 0.9999879875870652 0.9605679957600861
0.24805219058827838 0.9999839443735791 0.9635495003418881
0.24875963847524185 0.9999811554933749 0.9683777983825634
0.24946708636220538 0.999979770667768 0.9744971054612012
0.2501745342491689 0.9999797781934371 0.9812078194704792
0.2508819821361324 0.9999810453440781 0.9877453396606766
0.25158943002309586 0.9999833462687385 0.9933734341708859
0.2522968779100594 0.9999863851924312 0.9974819403091983
0.2530043257970229 0.9999898174219338 0.9996721922660584
0.2537117736839864 0.9999932687661477 0.9998119728634445
0.2544192215709499 0.9999963531490721 0.9980469856074022
0.2551266694579134 0.999998687671626 0.9947665376832477
0.25583411734487693 0.9999999037801249 0.9905328884836657
0.25654156523184046 0.9999996520306461 0.9859915613446312
0.25724901311880394 0.9999975949817258 0.9817812774015132
0.2579564610057674 0.9999933738607473 0.9784580982869568
0.25866390889273094 0.9999865017163846 0.976442589125379
0.2593713567796945 0.9999759637340712 0.9759980169349414
0.260078804666658 0.9999572760177274 0.9773048242133842
0.2607862525536215 0.9999638337315512 0.9801092676721302
0.26149370044058495 0.9999772261968564 0.9830165579957201
0.2622011483275485 0.9999860313610486 0.9864711899673826
0.262908596214512 0.999992218961632 0.9901388700378039
0.2636160441014755 0.999996395403477 0.9936378317524451
0.264323491988439 0.9999988833521529 0.9966036239938832
0.2650309398754025 0.9999999306131752 0.9987387195223014
0.265738387762366 0.9999997710481909 0.9998514468955937
0.26644583564932955 0.9999986436631377 0.9998797846333313
0.26715328353629303 0.9999967963847859 0.9988963774290941
0.2678607314232565 0.999994483316149 0.9970943175969497
0.26856817931022003 0.9999919590213215 0.9947568738582462
0.26927562719718356 0.9999894715186773 0.9922170727512024
0.2699830750841471 0.9999872548864848 0.989814064251477
0.27069052297111057 0.9999855220144049 0.987852535533676
0.27139797085807404 0.999984457824676 0.9865696973960938
0.2721054187450376 0.9999842131384583 0.9861123841294079
0.2728128666320011 0.9999848992235474 0.9865252198637605
0.2735203145189646 0.9999865828889366 0.9877498881068065
0.2742277624059281 0.9999892817704551 0.9896353190250696
0.2749352102928916 0.9999929596600674 0.9919596729708329
0.2756426581798551 0.9999975366923874 0.9944796216193775
0.27635010606681865 0.9999981551784651 0.9967550363602324
0.2770575539537821 0.999994527028988 0.9983260378118334
0.2777650018407456 0.999991435349161 0.9994178832836232
0.2784724497277091 0.9999890937009869 0.999950154115525
0.27917989761467266 0.9999875625591145 0.9999039057706982
0.2798873455016362 0.9999868328046442 0.9993250512894523
0.28059479338859966 0.9999868492781856 0.9983179417440095
0.28130224127556314 0.9999875225349417 0.9970313261065363
0.28200968916252667 0.9999887368891227 0.9956392759802406
0.2827171370494902 0.9999903569614605 0.9943199803780008
0.28342458493645367 0.9999922334506376 0.9932352115813817
0.2841320328234172 0.999994208343789 0.9925127826922604
0.2848394807103807 0.9999961195655328 0.9922336451461885
0.2855469285973442 0.9999978049378133 0.9924245920891512
0.28625437648430774 0.9999991051990839 0.9930569470926912
0.2869618243712712 0.9999998656365526 0.9940511406814836
0.2876692722582347 0.9999999354906338 0.9952866579398337
0.2883767201451982 0.9999991633701901 0.9966164119056659
0.28908416803216175 0.9999973844931775 0.9978841253187904
0.2897916159191253 0.9999943881170127 0.9989428086597272
0.29049906380608875 0.9999898248036059 0.9996719299892957
0.29120651169305223 0.9999828500311625 0.9999899667419406
0.29191395958001576 0.9999685105490871 0.9998471488467968
0.2926214074669793 0.999978018672314 0.999407156859876
0.29332885535394276 0.9999855466037237 0.9987815957834453
0.29403630324090624 0.9999906939436559 0.9980404314941423
0.29474375112786977 0.9999944204700423 0.9972800459123811
0.2954511990148333 0.9999970591061702 0.996593630391917
0.29615864690179683 0.9999987869255185 0.9960616305698758
0.2968660947887603 0.9999997303100023 0.9957436427081944
0.2975735426757238 0.9999999990292945 0.9956728050182063
0.2982809905626873 0.9999996990430755 0.9958531764865057
0.29898843844965084 0.9999989372659167 0.9962602608208336
0.29969588633661437 0.999997822818731 0.9968445406219634
0.30040333422357784 0.999996466603762 0.9975376196278983
0.3011107821105413 0.9999949800585585 0.9982603264670454
0.30181822999750485 0.9999934735409567 0.9989319226122331
0.3025256778844684 0.9999920546200008 0.9994794063898224
0.30323312577143186 0.9999908264743393 0.9998458500221402
0.30394057365839533 0.9999898865932876 0.9999967802599032
0.30464802154535886 0.9999893260473518 0.9999238276907468
0.3053554694323224 0.9999892298326316 0.9996452048669332
0.3060629173192859 0.9999896795228246 0.9992029698025477
0.3067703652062494 0.9999907620697743 0.9986573779905141
0.30747781309321287 0.9999926013052436 0.9980785921544446
0.3081852609801764 0.9999955532092998 0.9975319716523959
0.30889270886713993 0.9999999648883328 0.9973127978653263
0.30960015675410346 0.9999987410363577 0.9973023729991172
0.31030760464106694 0.9999970584666453 0.9974175776738633
0.3110150525280304 0.9999954376973212 0.9976597398794954
0.31172250041499394 0.9999940568611776 0.9980043753157002
0.31242994830195747 0.9999929977334316 0.9984141994313938
0.31313739618892095 0.9999922959337603 0.9988454094838916
0.3138448440758844 0.9999919584567096 0.9992532789959665
0.31455229196284795 0.9999919718132454 0.9995973390450923
0.3152597398498115 0.9999923066676705 0.9998457961981368
0.315967187736775 0.9999929209205984 0.9999787822922354
0.3166746356237385 0.9999937619892061 0.9999901289026548
0.31738208351070196 0.9999947685863683 0.9998875233146993
0.3180895313976655 0.999995872096886 0.9996910923301856
0.318796979284629 0.9999969975274361 0.9994306420693558
0.31950442717159255 0.999998063895266 0.9991419280965923
0.32021187505855603 0.9999989837617864 0.9988624215625186
0.3209193229455195 0.9999996613167836 0.9986270659556492
0.32162677083248303 0.9999999877540657 0.9984644891802464
0.32233421871944656 0.9999998310010509 0.9983940595841918
0.32304166660641004 0.9999990119382183 0.9984240713601531
0.3237491144933735 0.9999972413627787 0.9985512458029596
0.32445656238033704 0.9999939001663504 0.9987617504559331
0.3251640102673006 0.9999864815340477 0.9990353864791433
0.3258714581542641 0.9999829502219542 0.9994350372026821
0.3265789060412276 0.9999866809481248 0.9997109610001631
0.32728635392819105 0.9999896465699234 0.9998940746931557
0.3279938018151546 0.9999921732129246 0.9999864577832405
0.3287012497021181 0.9999943292258969 0.9999927398691311
0.3294086975890816 0.9999961308786445 0.9999247232297369
0.3301161454760451 0.9999975817980598 0.999800704173672
0.3308235933630086 0.9999986848730956 0.9996433213457899
0.3315310412499721 0.9999994465911122 0.9994768331762344
0.33223848913693566 0.99999987867153 0.9993243284988989
0.33294593702389913 0.999999998554727 0.9992052453038128
0.3336533849108626 0.9999998293442556 0.9991334742775452
0.33436083279782614 0.9999993994684313 0.9991162215634315
0.33506828068478967 0.9999987421970744 0.9991537001674718
0.3357757285717532 0.9999978950956004 0.9992396197667475
0.33648317645871667 0.9999968994778138 0.9993623585443097
0.33719062434568015 0.9999957999170089 0.9995066345078917
0.3378980722326437 0.999994643890332 0.9996554517424295
0.3386055201196072 0.9999934816747207 0.9997920808708469
0.3393129680065707 0.9999923667179522 0.999901841005516
0.3400204158935342 0.9999913569814152 0.9999734752604205
0.3407278637804977 0.9999905185795597 0.9999999306385968
0.3414353116674612 0.9999899362742748 0.9999782724147225
0.34214275955442475 0.9999897557553717 0.9999075734835708
0.3428502074413882 0.9999953293071124 0.9997542007991936
0.3435576553283517 0.999999137613656 0.9996118754500495
0.3442651032153152 0.999999961597141 0.9994962785745494
0.34497255110227876 0.9999998716621078 0.9994174571467552
0.3456799989892423 0.9999993544219588 0.9993831219840447
0.34638744687620576 0.999998634008517 0.9993947228938983
0.34709489476316924 0.9999978409315843 0.9994476007793522
0.34780234265013277 0.9999970604022108 0.9995321478453235
0.3485097905370963 0.9999963511469899 0.9996355339287315
0.3492172384240598 0.9999957541955075 0.9997436891789147
0.3499246863110233 0.9999952975427657 0.9998432546563368
0.3506321341979868 0.9999949988798662 0.9999232478104688
0.3513395820849503 0.9999948673250232 0.9999762510404462
0.35204702997191384 0.9999949045860324 0.9999990125535578
0.3527544778588773 0.9999951057585804 0.9999924380462931
0.3534619257458408 0.9999954598461493 0.9999610363521441
0.3541693736328043 0.9999959500088867 0.9999119502724219
0.35487682151976785 0.9999965534728819 0.9998537467024621
0.3555842694067314 0.9999972409206095 0.9997951537678446
0.35629171729369485 0.9999979749689312 0.9997439175601689
0.35699916518065833 0.9999987068444094 0.9997059113619219
0.35770661306762186 0.9999993690308195 0.9996845707666893
0.3584140609545854 0.9999998573593196 0.9996806452409852
0.35912150884154886 0.9999999778974201 0.9996920910215358
0.3598289567285124 0.9999992094037508 0.9997130743107405
0.36053640461547587 0.9999930282286373 0.9997273505909122
0.3612438525024394 0.9999920965651572 0.9998180549393517
0.36195130038940293 0.9999920921313278 0.999898726003053
0.3626587482763664 0.9999924820666125 0.999959193006406
0.3633661961633299 0.9999931086337503 0.9999930868451394
0.3640736440502934 0.9999938806273826 0.9999988892102702
0.36478109193725694 0.9999947331500088 0.9999796056165059
0.36548853982422047 0.999995615584944 0.9999418016434789
0.36619598771118395 0.999996486699699 0.9998942113741105
0.3669034355981474 0.9999973122397222 0.9998461635631481
0.36761088348511095 0.999998063560124 0.9998060794009126
0.3683183313720745 0.9999987167349431 0.9997802635189381
0.36902577925903796 0.9999992518931011 0.999772145486278
0.3697332271460015 0.9999996526532979 0.9997820455748904
0.37044067503296496 0.9999999055818998 0.9998074506589284
0.3711481229199285 0.9999999996168056 0.9998437076407398
0.371855570806892 0.9999999253989028 0.9998849841063866
0.3725630186938555 0.9999996744307519 0.9999253164717725
0.37327046658081897 0.9999992379276881 0.9999595674571783
0.3739779144677825 0.9999986051059518 0.9999841451468277
0.37468536235474603 0.9999977603738043 0.9999973884508462
0.37539281024170956 0.9999966781844728 0.9999995884450926
0.37610025812867304 0.99999531224878 0.9999926804279339
0.3768077060156365 0.9999935684443737 0.9999796982411835
0.37751515390260004 0.9999912142417513 0.9999641359629755
0.3782226017895636 0.9999873035319052 0.9999496348712406
0.37893004967652705 0.9999906365558381 0.9999123427102686
0.3796374975634906 0.9999949168764279 0.9998751372795084
0.38034494545045405 0.9999972276199867 0.9998513575060919
0.3810523933374176 0.9999986188929605 0.9998432819280708
0.38175984122438106 0.999999437924613 0.9998510955621533
0.3824672891113446 0.9999998613188684 0.999872308131227
0.3831747369983081 0.9999999988230472 0.9999022907226899
0.3838821848852716 0.9999999270416255 0.9999352330747169
0.3845896327722351 0.999999703438067 0.9999652587844807
0.3852970806591986 0.9999993731189748 0.9999874774533104
0.38600452854616213 0.9999989725095474 0.9999987882539632
0.3867119764331256 0.9999985315346147 0.9999983071641804
0.38741942432008913 0.9999980750242601 0.9999873652046184
0.38812687220705266 0.9999976236965658 0.9999691049918908
0.38883432009401614 0.9999971949050528 0.9999477737906903
0.38954176798097967 0.9999968032598834 0.9999278608823908
0.39024921586794314 0.9999964611946859 0.999913247548755
0.3909566637549067 0.9999961795373421 0.9999065269389475
0.39166411164187015 0.9999959681479159 0.9999086119162333
0.3923715595288337 0.9999958367154094 0.9999186898844425
0.3930790074157972 0.9999957958771224 0.9999345160003427
0.3937864553027607 0.9999958590020759 0.9999529727151801
0.3944939031897242 0.9999960454597824 0.9999707760547799
0.3952013510766877 0.9999963877407956 0.9999851867895727
0.3959087989636512 0.9999969514350848 0.9999945940614162
0.3966162468506147 0.999997928422902 0.999998877173938
0.3973236947375782 0.9999998984620942 0.9999990444924156
0.39803114262454176 0.9999989334776064 0.9999998687924191
0.39873859051150523 0.9999980351024895 0.9999962277215994
0.39944603839846876 0.9999973508349719 0.9999875380332219
0.40015348628543224 0.9999968739446733 0.9999750426549157
0.40086093417239577 0.9999965771808498 0.9999610554840497
0.40156838205935924 0.9999964308651436 0.9999483247797394
0.40227582994632277 0.9999964072356002 0.9999393966116684
0.4029832778332863 0.9999964816302939 0.9999360630879338
0.4036907257202498 0.9999966327043226 0.9999389897571423
0.4043981736072133 0.9999968423000417 0.9999475865173377
0.4051056214941768 0.9999970951817244 0.9999601398026225
0.4058130693811403 0.999997378714907 0.9999741733020714
0.4065205172681038 0.9999976825197192 0.9999869605286628
0.4072279651550673 0.9999979981020335 0.999996083747424
0.40793541304203085 0.9999983184457809 0.9999999255998566
0.4086428609289943 0.9999986375234589 0.9999979938011586
0.40935030881595785 0.9999989496354433 0.9999910128881936
0.4100577567029213 0.9999992483964193 0.9999807637268984
0.41076520458988486 0.9999995249878593 0.9999697023247308
0.41147265247684833 0.9999997648352753 0.9999604345376064
0.41218010036381186 0.9999999407231879 0.999955153665537
0.4128875482507754 0.9999999972216529 0.9999551576296782
0.41359499613773887 0.9999998115229478 0.9999605493961907
0.4143024440247024 0.9999990790738036 0.9999701915832329
0.4150098919116659 0.9999968832391108 0.9999819466948535
0.4157173397986294 0.9999885661912788 0.9999933361942728
0.4164247876855929 0.9999884448766547 0.9999959932824418
0.4171322355725564 0.9999927930922394 0.9999973110160183
0.41783968345951994 0.999995044126379 0.9999988846380957
0.4185471313464834 0.9999964462630218 0.9999998944492555
0.41925457923344694 0.9999973947418703 0.9999997454066243
0.4199620271204104 0.999998068986968 0.9999980864755339
0.42066947500737395 0.9999985653517757 0.9999948909767497
0.4213769228943374 0.9999989409369103 0.9999904890995882
0.42208437078130095 0.9999992317571106 0.9999855268670071
0.4227918186682645 0.9999994613340218 0.999980851923622
0.42349926655522796 0.9999996449876889 0.9999773453613781
0.4242067144421915 0.9999997917718029 0.9999757325532596
0.42491416232915497 0.9999999046721912 0.9999764127972454
0.4256216102161185 0.9999999789530573 0.9999793461049962
0.42632905810308197 0.9999999980107996 0.9999840257613154
0.4270365059900455 0.9999999260586183 0.999989548985169
0.42774395387700903 0.9999996990384377 0.9999947781678159
0.4284514017639725 0.9999992234510198 0.9999985656103069
0.42915884965093604 0.999998410148129 0.9999999994217137
0.4298662975378995 0.999997273373027 0.999998620632945
0.43057374542486304 0.9999960413310116 0.9999945636716282
0.4312811933118265 0.9999950875002872 0.9999885844182952
0.43198864119879005 0.9999946465754755 0.9999819605783425
0.4326960890857536 0.9999946555628678 0.9999762751957578
0.43340353697271705 0.9999948923711078 0.9999731236779353
0.4341109848596806 0.9999951701956238 0.9999738272069915
0.43481843274664406 0.9999954496432869 0.9999794491185408
0.4355258806336076 0.9999975575847267 0.9999927763230786
0.43623332852057106 0.9999985104634492 0.9999967630761253
0.4369407764075346 0.9999991790745737 0.9999987707503036
0.4376482242944981 0.9999996965595289 0.9999997468784461
0.4383556721814616 0.9999999674077524 0.9999999977401139
0.43906312006842513 0.9999999790453501 0.9999996933126949
0.4397705679553886 0.9999998478085244 0.9999989632297492
0.44047801584235213 0.999999678727731 0.9999979294401626
0.4411854637293156 0.9999994950237592 0.9999967195975652
0.44189291161627914 0.9999992619165029 0.9999954709831905
0.44260035950324267 0.9999989209833973 0.999994327561264
0.44330780739020614 0.9999984431951592 0.9999934310922197
0.4440152552771697 0.999997929599201 0.9999929072329581
0.44472270316413315 0.9999975823403573 0.9999928482149969
0.4454301510510967 0.9999974282980949 0.99999329457417
0.44613759893806015 0.999997282402165 0.9999942192140148
0.4468450468250237 0.9999969971614181 0.9999955175540605
0.44755249471198716 0.9999966861435401 0.999997007414948
0.4482599425989507 0.9999967234780671 0.9999984414731455
0.4489673904859142 0.9999970076482322 0.999999533535411
0.4496748383728777 0.999997086020571 0.9999999976428411
0.4503822862598412 0.9999972040941759 0.9999995963722982
0.4510897341468047 0.9999978188378648 0.9999981920462089
0.45179718203376823 0.9999981430320514 0.9999957923221087
0.4525046299207317 0.9999987269187542 0.9999925800712024
0.45321207780769523 0.9999992152727345 0.9999889157382649
0.45391952569465877 0.9999998065149258 0.9999852896057823
0.45462697358162224 0.9999999713319809 0.9999820275444126
0.45533442146858577 0.9999989746503483 0.9999893629779959
0.45604186935554925 0.9999983334101823 0.9999952873781319
0.4567493172425128 1.9999717076886865 0.9999985335236022
0.45745676512947625 1.999920861647967 0.9999998777171892
0.4581642130164398 1.9996171057767878 0.9999998395770044
0.4588716609034033 1.999954618866954 0.9999989522445407
0.4595791087903668 1.999609248068552 0.9999977263603229
0.4602865566773303 1.9997510661028195 0.9999965834722474
0.4609940045642938 1.9999659040666877 0.999995807817526
0.4617014524512573 1.999869655755716 0.9999955298481775
0.4624089003382208 1.9997460006374872 0.9999957409956033
0.4631163482251843 1.9997958291882767 0.9999963314042597
0.46382379611214786 1.9999169188733767 0.9999971386070589
0.46453124399911133 1.9999533996748402 0.9999979948742798
0.46523869188607486 1.9998807538118097 0.9999987635649707
0.46594613977303834 1.9997846015216636 0.9999993591639768
0.46665358766000187 1.9997537023068743 0.9999997504970215
0.46736103554696534 1.9998100713035578 0.9999999506458742
0.4680684834339289 1.9999098153554373 0.9999999994490909
0.4687759313208924 1.999986110610764 0.9999999448178555
0.4694833792078559 1.9999934962112094 0.9999998276418555
0.4701908270948194 1.9999289793038786 0.9999996724907292
0.4708982749817829 1.9998266511487175 0.9999994835318536
0.4716057228687464 1.9997360526999712 0.999999242860287
0.4723131707557099 1.9996979634022047 0.9999989069078533
0.4730206186426734 1.99972768617584 0.999998394024709
0.47372806652963695 1.9998095334125223 0.9999975421522888
0.4744355144166004 1.9998988801791229 0.9999958901059769
0.47514296230356395 1.9999013130388956 0.9999924291790645
0.47585041019052743 1.9998422440708634 0.9999954876654401
0.47655785807749096 1.9998033337978989 0.9999980994550479
0.47726530596445443 1.9998002474117254 0.9999996525022177
0.47797275385141796 1.9998273183376338 0.9999999685980818
0.4786802017383815 1.9998704843811521 0.9999992499870246
0.47938764962534497 1.9999145423944327 0.9999979469467545
0.4800950975123085 1.9999477567398918 0.9999965923051563
0.480802545399272 1.9999640487114707 0.9999956440205292
0.4815099932862355 1.9999631473804305 0.9999953720862305
0.482217441173199 1.9999493157357653 0.9999958117960203
0.4829248890601625 1.9999293450569302 0.9999967867276018
0.48363233694712604 1.999910442276082 0.9999979868461506
0.4843397848340895 1.9998984740795003 0.9999990743669543
0.48504723272105305 1.9998968355406859 0.9999997853159224
0.4857546806080165 1.9999060256654813 0.9999999987783883
0.48646212849498005 1.9999238655964768 0.999999757071896
0.4871695763819435 1.9999461994476566 0.9999992351734154
0.48787702426890706 1.999967872678029 0.9999986724511659
0.4885844721558706 1.9999837808048977 0.9999982900901454
0.48929192004283406 1.9999898106558536 0.9999982208075382
0.4899993679297976 1.9999835450116406 0.9999984727553635
0.49070681581676107 1.9999646581884356 0.9999989383035026
0.4914142637037246 1.999934985831823 0.9999994438979563
0.49212171159068807 1.9998983009385427 0.9999998235795922
0.4928291594776516 1.9998598681134527 0.999999990012119
0.49353660736461513 1.9998258863178873 0.9999999755071939
0.4942440552515786 1.999803009776664 0.9999999205909156
0.49495150313854214 1.9997986209471375 0.9999999793800859
0.4956589510255056 1.9999199392503313 0.9999993834202767
0.49636639891246914 1.999980766890434 0.9999994577170312
0.4970738467994326 1.999998891611384 0.9999997935667353
0.49778129468639615 1.9999972288313814 0.9999999956914312
0.4984887425733597 1.999984992813396 0.9999998858943292
0.49919619046032315 1.9999681743583906 0.9999994736494346
0.4999036383472867 1.9999510988446956 0.9999989094390866
0.5006110862342501 1.9999368051020516 0.9999984061188932
0.5013185341212136 1.9999271875581355 0.9999981514573958
0.5020259820081772 1.9999231125870167 0.999998238700737
0.5027334298951407 1.9999245623754216 0.9999986351583411
0.5034408777821042 1.999930812590122 0.999999196114041
0.5041483256690678 1.9999406337281347 0.9999997171229427
0.5048557735560313 1.9999525006770567 1.0000000061782912
0.5055632214429947 1.999964794540433 0.9999999515781904
0.5062706693299582 1.9999759827539934 0.9999995631113863
0.5069781172169217 1.999984766729974 0.9999989727980556
0.5076855651038852 1.9999901900025188 0.9999983943404364
0.5083930129908487 1.99999170362836 0.9999980538922058
0.5091004608778122 1.99998918908653 0.9999981148162759
0.5098079087647758 1.9999829418865718 0.9999986227707748
0.5105153566517393 1.9999736213857435 0.9999994936198452
0.5112228045387028 1.9999621738375597 1.0000005565581678
0.5119302524256663 1.9999497363798937 1.0000016521440174
0.5126377003126298 1.9999375293829929 1.0000027755582686
0.5133451481995933 1.9999267428287801 1.0000042576905228
0.5140525960865567 1.9999184171389042 1.0000070037939424
0.5147600439735203 1.9999132995392996 1.000012889424114
0.5154674918604838 1.9999115378026076 1.000025630230307
0.5161749397474473 1.9999253364802418 1.000054051258956
0.5168823876344109 1.9999651505817508 1.0001111142483148
0.5175898355213744 1.999974354982258 1.0002394532186367
0.5182972834083379 1.9999757117437797 1.0005590110297262
0.5190047312953013 1.9999736227085685 1.001458916504367
0.5197121791822649 1.9999702448718473 1.0045087411567186
0.5204196270692283 1.9999668686995193 1.0187525230713186
0.5211270749561918 1.9999642855905286 1.1521131831984828
0.5218345228431553 1.9999629344409076 1.799533965157767
0.5225419707301189 1.999962982625593 1.2102804107710452
0.5232494186170824 1.9999643849675666 1.1469708828159337
0.5239568665040459 1.9999669348606364 1.163074173024856
0.5246643143910095 1.9999703120163008 1.2420016561088671
0.5253717622779729 1.9999741276666232 1.4463069997108016
0.5260792101649364 1.9999779666414426 1.842522727974048
0.5267866580518998 1.9999814252610275 1.9624520784270634
0.5274941059388634 1.999984143943551 1.6708231545358716
0.5282015538258269 1.999985833600191 1.4677600798107056
0.5289090017127904 1.9999862951661016 1.376555663032531
0.529616449599754 1.999985431932318 1.348212571697003
0.5303238974867175 1.999983254658491 1.3618571441339289
0.531031345373681 1.9999798797327573 1.4143920654435513
0.5317387932606444 1.999975520873465 1.5123410022435384
0.532446241147608 1.9999704750068785 1.6623933592988
0.5331536890345714 1.9999651029390948 1.8453088965658462
0.5338611369215349 1.9999598051060636 1.9809063765437596
0.5345685848084984 1.9999549915002504 1.9813128351512173
0.535276032695462 1.99995104076387 1.8731346802633002
0.5359834805824255 1.9999482255423866 1.7454185968653342
0.536690928469389 1.999946454282797 1.6464843522418044
0.5373983763563526 1.9999580714024627 1.5863394813211897
0.538105824243316 1.9999772797529136 1.555512518734136
0.5388132721302795 1.9999826697364431 1.5519060356338992
0.539520720017243 1.9999837060916044 1.5731347733916394
0.5402281679042065 1.999982583389648 1.6182216696687448
0.54093561579117 1.9999804042327838 1.6861760939316557
0.5416430636781335 1.9999778724310386 1.7730257590322098
0.5423505115650971 1.9999754791592685 1.8676764575014528
0.5430579594520606 1.99997357055396 1.949672958739853
0.5437654073390241 1.9999723776447886 1.995210902903985
0.5444728552259877 1.9999720326835042 1.9919014462773648
0.5451803031129511 1.9999725805922184 1.9478298027141163
0.5458877509999146 1.999973989050661 1.8837077977845749
0.546595198886878 1.9999761586736402 1.8189591763615363
0.5473026467738416 1.9999789338023692 1.7652883581052035
0.5480100946608051 1.9999821139805485 1.7276443149583425
0.5487175425477686 1.9999854659508123 1.7072126128295706
0.5494249904347321 1.9999887358844874 1.7036244943992263
0.5501324383216957 1.9999916614930113 1.7160011941588176
0.5508398862086592 1.9999939836384888 1.7431554918301644
0.5515473340956226 1.9999954570417997 1.7832397832047657
0.5522547819825862 1.9999958596609557 1.8330437440117742
0.5529622298695496 1.9999950002489704 1.8872467691429984
0.5536696777565131 1.9999927234392592 1.9382313643709959
0.5543771256434766 1.9999889113055203 1.9772466468804972
0.5550845735304402 1.9999834793282798 1.9971192361014292
0.5557920214174037 1.9999763619354372 1.995219172745773
0.5564994693043672 1.999967474210174 1.9745145495894023
0.5572069171913308 1.9999566035780378 1.9419031927254862
0.5579143650782942 1.9999430055736225 1.9052905561129792
0.5586218129652577 1.999922019944426 1.8715709039977406
0.5593292608522212 1.9999497305214844 1.8457924124360707
0.5600367087391847 1.9999688042815844 1.8268090266214305
0.5607441566261482 1.999980754696502 1.8172728942821774
0.5614516045131117 1.9999888373986188 1.8175636494384155
0.5621590524000752 1.9999941743524483 1.8273356421629505
0.5628665002870388 1.9999973593501508 1.845641169576411
0.5635739481740023 1.9999987990656765 1.870874954259418
0.5642813960609658 1.999998822445846 1.900661680612886
0.5649888439479293 1.9999977223078471 1.9318230362036726
0.5656962918348928 1.999995771686411 1.9605825302007946
0.5664037397218562 1.9999932292968394 1.9831155691895888
0.5671111876088197 1.999990339894231 1.9963788811773355
0.5678186354957833 1.9999873321790282 1.9989186305264983
0.5685260833827468 1.999984415595147 1.9912577135346363
0.5692335312697103 1.999981776762138 1.9756521800062357
0.5699409791566739 1.9999795759704022 1.9553656938309099
0.5706484270436374 1.9999779439925178 1.9338369797582209
0.5713558749306008 1.999976979348951 1.9140598803490207
0.5720633228175643 1.999976746082823 1.8982836669678975
0.5727707707045278 1.9999772720233484 1.8879671374675502
0.5734782185914913 1.999978547437868 1.883860764813724
0.5741856664784548 1.9999805238662096 1.8861135867962122
0.5748931143654183 1.9999831127664243 1.8943499144099012
0.5756005622523819 1.9999861833053056 1.9077044773593503
0.5763080101393454 1.9999895580326317 1.9248366612000072
0.5770154580263089 1.9999930038433786 1.9439664747468282
0.5777229059132724 1.999996212243 1.9629843078601334
0.5784303538002359 1.9999987528480099 1.9796738413300583
0.5791378016871994 1.9999999464043752 1.9920438589542493
0.5798452495741628 1.9999983972100523 1.9986982905929378
0.5805526974611264 1.9999876207852991 1.9991063058908725
0.5812601453480899 1.999971640371071 1.9944033274097108
0.5819675932350534 1.9999694555733647 1.9856024985716738
0.582675041122017 1.9999690915940271 1.9741633005481238
0.5833824890089805 1.9999699614101798 1.9617787180276445
0.584089936895944 1.999971739384147 1.9500606706869517
0.5847973847829074 1.9999741796589474 1.940354811146012
0.585504832669871 1.9999770735305211 1.9336445172816905
0.5862122805568344 1.9999802357789598 1.9305213290485055
0.5869197284437979 1.9999834999989006 1.9311925455638066
0.5876271763307614 1.9999867172900416 1.9355037656673988
0.588334624217725 1.999989756277546 1.9429665810498704
0.5890420721046885 1.9999925036062187 1.9527937580626697
0.589749519991652 1.9999948645073327 1.9639527290960699
0.5904569678786156 1.9999967632370674 1.9752505602062669
0.591164415765579 1.9999981432845224 1.9854577021696795
0.5918718636525425 1.9999989673002407 1.993463637924142
0.5925793115395059 1.999999216727779 1.9984392312295647
0.5932867594264695 1.9999988911398685 1.9999671837519464
0.593994207313433 1.9999980072940085 1.9981031775463514
0.5947016552003965 1.999996597929819 1.9933489256052583
0.5954091030873601 1.9999947103357356 1.986546476390755
0.5961165509743236 1.9999924047129618 1.978726279840221
0.5968239988612871 1.9999897523608612 1.9709489988853566
0.5975314467482505 1.9999868336946274 1.964172517233812
0.5982388946352141 1.9999837360727264 1.9591591133007211
0.5989463425221776 1.999980551329031 1.956422701910256
0.599653790409141 1.9999773726803753 1.9562076825277759
0.6003612382961045 1.9999742899914927 1.9584897385673523
0.6010686861830681 1.9999713798084358 1.9629927480613163
0.6017761340700316 1.9999686735317375 1.9692232235574343
0.6024835819569951 1.9999659615179903 1.9765490024956225
0.6031910298439587 1.9999809518823013 1.9841238898033762
0.6038984777309222 1.9999905788096948 1.9903345296117296
0.6046059256178856 1.999994684986989 1.9953122876733367
0.6053133735048492 1.999996503405416 1.9986075884546846
0.6060208213918126 1.9999970198641708 1.9999652932959355
0.6067282692787761 1.9999967261576799 1.999368204670611
0.6074357171657396 1.9999959256488884 1.9970346840019721
0.6081431650527032 1.999994828337847 1.993378649082574
0.6088506129396667 1.9999935892083007 1.9889433127986165
0.6095580608266302 1.9999923263361017 1.9843236682275294
0.6102655087135938 1.999991130454045 1.9800919669691606
0.6109729566005572 1.9999900704878888 1.9767361845678277
0.6116804044875207 1.9999891970438521 1.9746161327814113
0.6123878523744841 1.9999885447990038 1.9739375969185795
0.6130953002614477 1.9999881342823014 1.9747426381093893
0.6138027481484112 1.999987973305922 1.9769138618536128
0.6145101960353747 1.9999880581862923 1.9801911967976251
0.6152176439223382 1.9999883748252525 1.984200545644016
0.6159250918093018 1.9999888996794166 1.9884937193884304
0.6166325396962653 1.9999896006142466 1.9925979019591045
0.6173399875832287 1.9999904376124629 1.9960706441764882
0.6180474354701923 1.9999913632737154 1.998553816520029
0.6187548833571558 1.9999923229962746 1.9998182627973191
0.6194623312441192 1.999993254651535 1.9997912262643274
0.6201697791310827 1.9999940874122273 1.9985613862057467
0.6208772270180463 1.999994739086054 1.99636087371177
0.6215846749050098 1.9999951106117615 1.9935283946031188
0.6222921227919733 1.9999950746351285 1.9904609492416065
0.6229995706789369 1.9999944500622193 1.987562720584004
0.6237070185659004 1.9999929367407645 1.9851987729583078
0.6244144664528638 1.9999898973978627 1.9836598616737768
0.6251219143398273 1.9999829962715432 1.9831516651398264
0.6258293622267908 1.9999761957136322 1.9842116838487256
0.6265368101137543 1.9999791041243993 1.9858156112681558
0.6272442580007178 1.9999814239936309 1.9879729176895382
0.6279517058876813 1.9999835438440055 1.9904993580649388
0.6286591537746449 1.9999855322463178 1.9931372251185033
0.6293666016616084 1.9999873937917638 1.9956138029259294
0.6300740495485719 1.999989114997725 1.997678894174603
0.6307814974355355 1.9999906780816252 1.9991360023306244
0.6314889453224988 1.9999920661758799 1.9998656629310096
0.6321963932094623 1.9999932655380404 1.9998381887173895
0.6329038410964258 1.9999942664956027 1.9991142212707638
0.6336112889833894 1.9999950637791357 1.9978334017217805
0.6343187368703529 1.999995656524621 1.9961934104846533
0.6350261847573164 1.9999960480793344 1.9944229994776663
0.63573363264428 1.999996245682461 1.992753148744545
0.6364410805312435 1.9999962600610768 1.9913901548544697
0.637148528418207 1.9999961049669641 1.9904935815868317
0.6378559763051703 1.9999957966706843 1.9901609346600075
0.6385634241921339 1.9999953534232588 1.9904199453901066
0.6392708720790974 1.9999947948910926 1.9912285911460335
0.6399783199660609 1.9999941415638194 1.9924824230624307
0.6406857678530244 1.9999934141278533 1.994028310035144
0.641393215739988 1.999992632786352 1.9956832380256657
0.6421006636269515 1.9999918164866084 1.9972562881367903
0.642808111513915 1.9999909819779662 1.9985714191255373
0.6435155594008786 1.9999901425477156 1.9994883492436473
0.6442230072878421 1.9999893061159062 1.9999188431420625
0.6449304551748054 1.9999884719655485 1.9998361748423357
0.6456379030617689 1.9999876242687828 1.9992764281937487
0.6463453509487325 1.999986716883747 1.9983313839340946
0.647052798835696 1.9999856279128796 1.99713342183563
0.6477602467226595 1.999983946674373 1.9958297617077736
0.6484676946096231 1.999984955240925 1.994618522017645
0.6491751424965866 1.9999899721294911 1.9939776030169836
0.6498825903835501 1.9999917982024877 1.9936615730750689
0.6505900382705136 1.999992647145427 1.9937236654883141
0.651297486157477 1.9999930250401154 1.9941512388358777
0.6520049340444405 1.9999931522331003 1.9948862389774913
0.652712381931404 1.9999931487287095 1.995835945383717
0.6534198298183675 1.9999930874558813 1.9968859467134723
0.6541272777053311 1.9999930150896819 1.9979148483961278
0.6548347255922946 1.9999929618305214 1.9988091904070386
0.6555421734792581 1.9999929466294186 1.9994768744209952
0.6562496213662217 1.9999929802743563 1.999857522857053
0.6569570692531852 1.9999930673700372 1.9999285503347624
0.6576645171401485 1.999993207699062 1.9997062802515873
0.658371965027112 1.999993397212244 1.9992421106990537
0.6590794129140756 1.9999936287809463 1.9986144145229585
0.6597868608010391 1.9999938927841254 1.9979174259039485
0.6604943086880026 1.999994177569931 1.9972487197668287
0.6612017565749662 1.9999944698112828 1.9966969792644453
0.6619092044619297 1.999994754760878 1.9963315790665381
0.6626166523488932 1.9999950163994042 1.996195147262914
0.6633241002358568 1.9999952374573793 1.9962997928216233
0.6640315481228203 1.9999953992734771 1.996627186519768
0.6647389960097836 1.9999954814233059 1.997132230423622
0.6654464438967471 1.9999954610016306 1.9977496857969035
0.6661538917837106 1.999995311343986 1.9984028661953215
0.6668613396706742 1.9999949997731772 1.999013337259396
0.6675687875576377 1.9999944835102943 1.9995104868056757
0.6682762354446012 1.999993701786617 1.9998398319838326
0.6689836833315648 1.9999925590730239 1.9999690122013882
0.6696911312185283 1.9999908836709823 1.9998905442678994
0.6703985791054918 1.9999882966675055 1.9996203231114957
0.6711060269924551 1.9999835105959523 1.99918777432578
0.6718134748794187 1.9999799559538909 1.9985769106927005
0.6725209227663822 1.9999847694834818 1.9980694854195467
0.6732283706533457 1.9999876578354345 1.9976736797276964
0.6739358185403093 1.9999897811561047 1.9974329442609944
0.6746432664272728 1.9999914390493176 1.9973720491869313
0.6753507143142363 1.9999927605517556 1.99749129118373
0.6760581622011999 1.9999938157251869 1.9977675705306321
0.6767656100881634 1.9999946489699756 1.9981587763707458
0.6774730579751267 1.999995291967882 1.9986103780503879
0.6781805058620902 1.9999957695238495 1.999063215143545
0.6788879537490538 1.999996102454232 1.9994614596041316
0.6795954016360173 1.9999963090906367 1.9997597557890108
0.6803028495229808 1.999996406078426 1.9999286600174573
0.6810102974099443 1.9999964087937894 1.9999577170589802
0.6817177452969079 1.9999963315461946 1.9998558263521489
0.6824251931838714 1.9999961876577048 1.9996489367859127
0.6831326410708349 1.9999959894708483 1.9993755049839812
0.6838400889577982 1.9999957483151347 1.9990804802155047
0.6845475368447618 1.9999954744494273 1.998808769469529
0.6852549847317253 1.9999951769880142 1.9985991522787303
0.6859624326186888 1.9999948638122318 1.9984794655540847
0.6866698805056524 1.9999945414620321 1.998463612973153
0.6873773283926159 1.9999942149944605 1.9985506403624627
0.6880847762795794 1.9999938877827053 1.9987258223700546
0.688792224166543 1.9999935612085151 1.9989634674307735
0.6894996720535065 1.999993234159265 1.9992309792555552
0.69020711994047 1.9999929021570002 1.9994936047537655
0.6909145678274333 1.9999925557586893 1.9997192378601734
0.6916220157143969 1.9999921774047273 1.9998826363042408
0.6923294636013604 1.9999917346066574 1.9999684610634134
0.6930369114883239 1.999991163114237 1.9999726873195154
0.6937443593752874 1.99999031548368 1.999902156599077
0.694451807262251 1.9999887247111048 1.9997722485846372
0.6951592551492145 1.9999860469513921 1.9995736399499573
0.695866703036178 1.999990104170892 1.9993142665721837
0.6965741509231416 1.9999912870318126 1.9990972376398515
0.6972815988101049 1.9999918806338537 1.99894505489871
0.6979890466970684 1.9999922666648138 1.9988770960317674
0.6986964945840319 1.999992577866495 1.998899657977187
0.6994039424709955 1.99999286928745 1.9990053608720058
0.700111390357959 1.9999931640309043 1.9991749791362388
0.7008188382449225 1.9999934702207098 1.9993809108294893
0.7015262861318861 1.999993788556356 1.9995916906737066
0.7022337340188496 1.9999941160792685 1.9997768873526192
0.7029411819058131 1.9999944481814766 1.999911667366627
0.7036486297927764 1.9999947797089759 1.9999803312106559
0.70435607767974 1.999995105560161 1.999978274108
0.7050635255667035 1.9999954209830346 1.9999120914799045
0.705770973453667 1.9999957216813857 1.9997978874534967
0.7064784213406305 1.9999960037892552 1.999658168592626
0.7071858692275941 1.9999962637422461 1.9995179319678953
0.7078933171145576 1.9999964980498721 1.9994006397291129
0.7086007650015211 1.999996702948938 1.9993247152003222
0.7093082128884847 1.9999968738846443 1.9993010418581263
0.7100156607754482 1.9999970047134135 1.9993317524368754
0.7107231086624115 1.9999970864291505 1.9994104020015475
0.711430556549375 1.9999971050454168 1.9995234407645053
0.7121380044363386 1.9999970379511935 1.9996527363497727
0.7128454523233021 1.9999968474753225 1.9997787408935634
0.7135529002102656 1.9999964693675552 1.9998837764617559
0.7142603480972292 1.9999957923609264 1.9999548645966807
0.7149677959841927 1.9999946238876862 1.99998559461654
0.7156752438711562 1.9999926423241914 1.9999767225992144
0.7163826917581197 1.999989371078924 1.9999354813234296
0.7170901396450831 1.999984332901495 1.999873887531779
0.7177975875320466 1.9999777665750311 1.9998066299384394
0.7185050354190101 1.9999721300183115 1.9997500844461213
0.7192124833059736 1.9999854019313983 1.9996925262232257
0.7199199311929372 1.999991156421989 1.9996169311503709
0.7206273790799007 1.9999935159725966 1.9995747808246571
0.7213348269668642 1.9999948346178935 1.9995704641451308
0.7220422748538278 1.9999956607416431 1.99960360519634
0.7227497227407913 1.999996209732366 1.9996677029751435
0.7234571706277546 1.9999965882507473 1.9997511483348533
0.7241646185147181 1.9999968587718022 1.9998393220918318
0.7248720664016817 1.9999970642113694 1.9999172604055837
0.7255795142886452 1.9999972375442285 1.999972328740955
0.7262869621756087 1.9999974007838286 1.99999637080089
0.7269944100625723 1.9999975526182303 1.999986947059372
0.7277018579495358 1.999997654203951 1.9999474995679878
0.7284093058364993 1.9999976466301164 1.9998865007290305
0.7291167537234629 1.9999975138975596 1.9998158076206973
0.7298242016104264 1.999997311346572 1.9997485343026542
0.7305316494973897 1.999997099587674 1.9996967893554998
0.7312390973843532 1.9999968773186758 1.999669628667236
0.7319465452713168 1.9999965833883115 1.9996715510311969
0.7326539931582803 1.9999961254186012 1.9997018017323787
0.7333614410452438 1.999995406475542 1.999754628080499
0.7340688889322073 1.9999943953000898 1.9998204534233586
0.7347763368191709 1.9999932924321184 1.999887740305783
0.7354837847061344 1.9999925527686464 1.9999451611098389
0.7361912325930979 1.9999923552283696 1.9999836405910303
0.7368986804800612 1.9999922744751601 1.9999978950033788
0.7376061283670248 1.9999917806008636 1.9999872333672002
0.7383135762539883 1.9999907854266208 1.9999555455323512
0.7390210241409518 1.99999019225812 1.9999105271997892
0.7397284720279154 1.9999908316127464 1.999862273318469
0.7404359199148789 1.999991240934386 1.9998214382750423
0.7411433678018424 1.999990628989337 1.9997972551241159
0.741850815688806 1.9999915091583291 1.999795864829887
0.7425582635757695 1.9999925238087457 1.9998199594900703
0.7432657114627328 1.9999948073676033 1.9998695513629037
0.7439731593496963 1.999996661438759 1.9998880388790692
0.7446806072366599 1.9999970495408017 1.9999127009774853
0.7453880551236234 1.999997055943941 1.9999400066818123
0.7460955030105869 1.999996813407298 1.9999655731798602
0.7468029508975504 2.9994475845710036 1.9999851834236664
0.747510398784514 2.999564616529224 1.9999955912614682
0.7482178466714775 2.999643638334445 1.9999950641672275
0.748925294558441 2.9998043553456637 1.999983680788029
0.7496327424454046 2.9999076849039237 1.9999633750164105
0.7503401903323679 2.999612867215091 1.999937688361799
0.7510476382193314 2.999659012599936 1.9999112090362254
0.7517550861062949 2.9998774982263963 1.9998887537442454
0.7524625339932585 2.99992922698477 1.9998744484349182
0.753169981880222 2.9998291965173314 1.999870924225086
0.7538774297671855 2.999751332865067 1.9998788227405508
0.754584877654149 2.999778433683338 1.9998967102585201
0.7552923255411126 2.9998656309370393 1.9999213836055039
0.7559997734280761 2.999927629213195 1.9999484686903053
0.7567072213150394 2.999918173382787 1.9999731874485167
0.757414669202003 2.999850622951323 1.9999911804758297
0.7581221170889665 2.9997733899931243 1.9999992817515093
0.75882956497593 2.9997334615101328 1.99999612886349
0.7595370128628935 2.9997519412658837 1.999982476170247
0.7602444607498571 2.9998189996361004 1.9999611012756546
0.7609519086368206 2.999903796717704 1.9999362817410204
0.7616593565237841 2.9999705254501294 1.9999129458880993
0.7623668044107477 2.9999926907568595 1.9998957049336294
0.763074252297711 2.9999611227783434 1.9998879931716897
0.7637817001846745 2.999884769448902 1.9998914699923573
0.764489148071638 2.999785834446956 1.9999057272144258
0.7651965959586016 2.9996919847374612 1.999928275464657
0.7659040438455651 2.9996283485274158 1.9999547879848303
0.7666114917325286 2.9996112955247747 1.9999795990050602
0.7673189396194922 2.999644885142984 1.9999962043610968
0.7680263875064557 2.9998624491018857 1.9999972499377832
0.7687338353934192 2.999922242859885 1.999989657134456
0.7694412832803825 2.9999218741455063 1.999978273447074
0.7701487311673461 2.9999002403134094 1.999965714217239
0.7708561790543096 2.999876705332158 1.999954454591877
0.7715636269412731 2.9998615847197367 1.9999465541069545
0.7722710748282366 2.9998587987737304 1.9999432890860591
0.7729785227152002 2.999867717492909 1.9999449694931302
0.7736859706021637 2.999884906793419 1.9999510134134757
0.7743934184891272 2.999905722450173 1.9999601986820092
0.7751008663760908 2.9999256085665778 1.9999709556275145
0.7758083142630543 2.9999410045911175 1.9999816155084849
0.7765157621500176 2.999949836132646 1.999990616177339
0.7772232100369811 2.9999516267370314 1.999996705520632
0.7779306579239447 2.9999473098737357 1.9999991469397627
0.7786381058109082 2.999938841206263 1.999997866234551
0.7793455536978717 2.999928713572629 1.9999934582785885
0.7800530015848353 2.999919465693315 1.9999870252113516
0.7807604494717988 2.9999132556207404 1.9999799060074486
0.7814678973587623 2.999911546121488 1.9999734070380926
0.7821753452457259 2.999914925393208 1.9999686144791746
0.7828827931326892 2.99992306550042 1.999966291970685
0.7835902410196527 2.999934804297901 1.9999668132320907
0.7842976889066162 2.9999483250917423 1.999970096839385
0.7850051367935797 2.9999614018196605 1.999975575351226
0.7857125846805433 2.999971675568124 1.9999822688858677
0.7864200325675068 2.999976929920273 1.9999889907030257
0.7871274804544703 2.999975336892069 1.9999946151401073
0.7878349283414339 2.999965650872737 1.9999982765626554
0.7885423762283974 2.9999473335175777 1.999999413478777
0.7892498241153607 2.999920595284443 1.9999976992205317
0.7899572720023242 2.9998863318415987 1.9999929918851835
0.7906647198892878 2.9998458848855636 1.999985376477528
0.7913721677762513 2.9998002704651383 1.9999751231419525
0.7920796156632148 2.9997452259734483 1.9999613817094066
0.7927870635501784 2.999827339753136 1.9999499432498218
0.7934945114371419 2.999901265776039 1.9999561353281885
0.7942019593241054 2.9999460020886364 1.9999662783153596
0.794909407211069 2.9999744487499265 1.9999779744968602
0.7956168550980325 2.9999908830108675 1.9999886681394894
0.7963243029849958 2.9999978913556316 1.9999962274210241
0.7970317508719593 2.9999975884472034 1.999999484464524
0.7977391987589229 2.999991915781885 1.9999984535029331
0.7984466466458864 2.9999826937865595 1.9999941469020055
0.7991540945328499 2.999971595946964 1.9999881394950003
0.7998615424198134 2.9999601017866446 1.9999821144982206
0.800568990306777 2.9999494516093326 1.9999775318736632
0.8012764381937405 2.999940612977382 1.9999754154205915
0.801983886080704 2.9999342629335946 1.9999761994625718
0.8026913339676673 2.9999307867850176 1.999979636188414
0.8033987818546309 2.9999302923915416 1.9999848416034849
0.8041062297415944 2.999932637765774 1.9999905402882305
0.8048136776285579 2.9999374691344576 1.9999954518290215
0.8055211255155215 2.999944266301714 1.9999986530249596
0.806228573402485 2.999952392102233 1.9999997601675115
0.8069360212894485 2.999961142879887 1.999998902399492
0.807643469176412 2.9999697972171 1.999996583879708
0.8083509170633756 2.9999776605309565 1.999993545728739
0.8090583649503389 2.999984103596308 1.9999906454250496
0.8097658128373024 2.999988593516935 1.9999886921135597
0.810473260724266 2.99999071609589 1.9999882150838149
0.8111807086112295 2.9999901889044347 1.9999892654392468
0.811888156498193 2.9999868645312273 1.9999914094961775
0.8125956043851565 2.9999807233488602 1.9999939637686917
0.8133030522721201 2.9999718542845173 1.9999963211025615
0.8140105001590836 2.9999604194851925 1.9999981293208464
0.8147179480460471 2.9999465911101892 1.999999229054766
0.8154253959330107 2.9999304229275463 1.999999514599252
0.816132843819974 2.999911510127341 1.9999989712155748
0.8168402917069375 2.999887536547939 1.9999979106337693
0.817547739593901 2.999870022517031 1.999998110855029
0.8182551874808646 2.9999179791824986 1.999999024586844
0.8189626353678281 2.9999413893465907 1.9999969388080272
0.8196700832547916 2.9999565438849634 1.999993826831669
0.8203775311417552 2.999966666200313 1.9999912048041766
0.8210849790287187 2.9999732219992703 1.999990006836889
0.8217924269156822 2.999977127351919 1.999990509754885
0.8224998748026455 2.999979060773956 1.9999925578120235
0.8232073226896091 2.9999795693901716 1.999995783376103
0.8239147705765726 2.999979109577531 1.9999996951560144
0.8246222184635361 2.999978063208509 2.0000037808831785
0.8253296663504996 2.99997674436145 2.000007818974464
0.8260371142374632 2.9999754026352705 2.000012408685398
0.8267445621244267 2.999974225795952 2.0000196002255946
0.8274520100113902 2.999973342975981 2.0000337221511795
0.8281594578983538 2.9999728289136556 2.000063160879276
0.8288669057853171 2.999972709335373 2.000125153699134
0.8295743536722806 2.9999729673717725 2.000259036032379
0.8302818015592441 2.999973550783773 2.0005649781980868
0.8309892494462077 2.999974379712345 2.0013319758404178
0.8316966973331712 2.9999753546418106 2.003546695876103
0.8324041452201347 2.999976364262449 2.0115717455059383
0.8331115931070983 2.999977292931663 2.05598829306069
0.8338190409940618 2.9999780274523786 2.616557237505458
0.8345264888810253 2.9999784629099593 2.4210610909784673
0.8352339367679888 2.999978507325942 2.178683097402398
0.8359413846549522 2.9999780848850293 2.145261880857313
0.8366488325419157 2.9999771374547666 2.164632870569153
0.8373562804288792 2.999975623997908 2.2345665858937083
0.8380637283158427 2.9999735171875477 2.399877604956787
0.8387711762028063 2.999970795834505 2.7280454342328393
0.8394786240897698 2.999967429966638 2.9890548756918687
0.8401860719767333 2.9999633504081338 2.8031626379373664
0.8408935198636969 2.9999583779706613 2.5603576852787655
0.8416009677506604 2.9999520132764133 2.425951758729176
0.8423084156376237 2.999942425387258 2.3656104522780925
0.8430158635245872 2.999940831698182 2.350631046671166
0.8437233114115508 2.99995761015644 2.3664731769227623
0.8444307592985143 2.9999658563326967 2.4141482901952593
0.8451382071854778 2.9999709937781205 2.4987426029892723
0.8458456550724414 2.999974334224538 2.626095532892608
0.8465531029594049 2.9999764750757487 2.78828478380549
0.8472605508463684 2.999977773076039 2.938348872817292
0.847967998733332 2.9999784781114522 2.9981661350665854
0.8486754466202953 2.999978782542609 2.942014969907503
0.8493828945072588 2.99997884195555 2.826808478685988
0.8500903423942223 2.999978784417015 2.7140070826329334
0.8507977902811859 2.9999787146354033 2.629005171901163
0.8515052381681494 2.9999787157859847 2.5747018587419968
0.8522126860551129 2.9999788503150264 2.5474783292057146
0.8529201339420764 2.999979160396053 2.5437183416184843
0.85362758182904 2.9999796683951545 2.5613482196209203
0.8543350297160035 2.999980377535707 2.5996221565696187
0.8550424776029668 2.999981272855277 2.658101984003575
0.8557499254899303 2.999982322487975 2.7347604396333107
0.8564573733768939 2.999983479266772 2.823085291186156
0.8571648212638574 2.9999846826115446 2.909343893309589
0.8578722691508209 2.999985860649758 2.973714557344402
0.8585797170377845 2.999986932498357 2.9987992377467365
0.859287164924748 2.9999878106205218 2.9807706124518223
0.8599946128117115 2.9999884031521376 2.931374409678713
0.860702060698675 2.9999886160687246 2.8688399519147296
0.8614095085856386 2.999988355021401 2.808287914711692
0.8621169564726019 2.999987526599513 2.7584816608139744
0.8628244043595654 2.9999860386362607 2.723119920571072
0.863531852246529 2.9999837988893607 2.70309882528667
0.8642393001334925 2.9999807108006773 2.6981269859753727
0.864946748020456 2.999976663533844 2.707515728394377
0.8656541959074195 2.9999715094296535 2.7303663414229105
0.8663616437943831 2.9999650091202623 2.765348622373896
0.8670690916813466 2.999956672118545 2.810199074083683
0.8677765395683101 2.9999450901167126 2.8611167091951697
0.8684839874552734 2.9999244119935407 2.912529520156793
0.869191435342237 2.9999533356057198 2.9549254815177695
0.8698988832292005 2.9999658105792424 2.984461440206698
0.870606331116164 2.9999744112995295 2.996062471986492
0.8713137790031276 2.9999808091154923 2.9889384712237317
0.8720212268900911 2.999985628708828 2.966463468846769
0.8727286747770546 2.9999891868970714 2.9345823789015557
0.8734361226640182 2.99999168038394 2.899665859292427
0.8741435705509817 2.99999325292303 2.8669873451940995
0.874851018437945 2.9999940239944034 2.8401798994261926
0.8755584663249085 2.999994102249559 2.821373703178354
0.876265914211872 2.9999935919924883 2.8115818095982874
0.8769733620988356 2.9999925961278864 2.811054120434767
0.8776808099857991 2.999991217175406 2.819490775270843
0.8783882578727626 2.999989557168198 2.8361050909312233
0.8790957057597262 2.9999877168895135 2.8595698011038646
0.8798031536466897 2.999985794717165 2.88790810754587
0.8805106015336532 2.999983885245942 2.9184251659561466
0.8812180494206168 2.999982077801664 2.947806118351366
0.8819254973075801 2.999980454923296 2.972490971402694
0.8826329451945436 2.999979090867088 2.989328198407299
0.8833403930815071 2.9999780501665247 2.996324090229651
0.8840478409684707 2.99997738626796 2.993166440328403
0.8847552888554342 2.9999771402446087 2.981258327417131
0.8854627367423977 2.9999773395746017 2.963251176755373
0.8861701846293613 2.9999779969454035 2.942323514766733
0.8868776325163248 2.9999791090126404 2.921519392057388
0.8875850804032883 2.9999806549882804 2.903334709593391
0.8882925282902516 2.9999825948404206 2.8895644352610073
0.8889999761772152 2.999984866716002 2.881320565685482
0.8897074240641787 2.999987382857802 2.879118480984992
0.8904148719511422 2.999990022545821 2.882963397086293
0.8911223198381057 2.999992618811373 2.892405721814189
0.8918297677250693 2.9999949307565545 2.906561057079089
0.8925372156120328 2.999996576970566 2.9241145791335996
0.8932446634989963 2.999996832694918 2.943353944232674
0.8939521113859599 2.9999936117516857 2.9622951704691287
0.8946595592729232 2.9999759212675796 2.978501207131547
0.8953670071598867 2.999971833322661 2.9901157177112077
0.8960744550468502 2.999969638752827 2.9967513002454065
0.8967819029338138 2.9999686089529924 2.9978395330678937
0.8974893508207773 2.9999684893733263 2.993633911506008
0.8981967987077408 2.9999691193864564 2.9850969640002654
0.8989042465947044 2.9999703704785103 2.9736793694367387
0.8996116944816679 2.9999721281162226 2.9610392860204513
0.9003191423686314 2.9999742852366165 2.9487826497423275
0.901026590255595 2.9999767398545667 2.938279866682316
0.9017340381425583 2.999979394384561 2.9305683905855684
0.9024414860295218 2.9999821557405038 2.9263187979427063
0.9031489339164853 2.999984935795248 2.9258367482575833
0.9038563818034488 2.9999876519915607 2.9290816870585146
0.9045638296904124 2.9999902279925768 2.9356912982935635
0.9052712775773759 2.9999925943063737 2.945008254014308
0.9059787254643394 2.999994688846043 2.956116416704789
0.906686173351303 2.9999964574007376 2.9679020188783882
0.9073936212382665 2.9999978540025074 2.979152359560456
0.9081010691252298 2.9999988411800653 2.988690917721616
0.9088085170121933 2.999999390094041 2.995532557260221
0.9095159648991569 2.9999994805515477 2.999030253958963
0.9102234127861204 2.9999991008985942 2.9989765881555077
0.9109308606730839 2.999998247789763 2.9956276472891656
0.9116383085600475 2.999996925832815 2.9896410307291994
0.912345756447011 2.9999951471025117 2.981950213136186
0.9130532043339745 2.9999929305097406 2.973612529766777
0.913760652220938 2.999990300998055 2.9656641047391457
0.9144681001079014 2.9999872885098213 2.959004488877883
0.9151755479948649 2.999983926607399 2.9543220458058586
0.9158829958818284 2.9999802505117055 2.9520570587898893
0.916590443768792 2.999976294041942 2.952389669945438
0.9172978916557555 2.9999720842387516 2.9552424126281696
0.918005339542719 2.9999676304403 2.960296247236764
0.9187127874296825 2.9999628976252812 2.967021632299333
0.9194202353166461 2.9999577216993254 2.9747246115933628
0.9201276832036096 2.9999513608162327 2.982622438870707
0.9208351310905731 2.9999643393427906 2.9898751320003907
0.9215425789775364 2.999980944711943 2.995122538253492
0.9222500268645 2.9999890616611258 2.9985215582418077
0.9229574747514635 2.9999938330267826 2.999834272222567
0.923664922638427 2.999996630700689 2.9990642265546787
0.9243723705253906 2.9999980948368523 2.996453290769511
0.9250798184123541 2.9999986031692516 2.992440650374784
0.9257872662993176 2.9999984112869207 2.9875974460409456
0.9264947141862812 2.9999977079836113 2.98254775657215
0.9272021620732447 2.9999966409598677 2.9778917879881943
0.927909609960208 2.999995330124181 2.974144439079242
0.9286170578471715 2.999993875037091 2.971692006343281
0.929324505734135 2.999992359338541 2.9707650963321326
0.9300319536210986 2.9999908535209276 2.9714274901263504
0.9307394015080621 2.999989416752204 2.9735798630060057
0.9314468493950256 2.999988098135354 2.9769748866749866
0.9321542972819892 2.9999869376262236 2.9812423828077823
0.9328617451689527 2.9999859667404314 2.9859262169723584
0.9335691930559162 2.999985209129128 2.990532183337541
0.9342766409428795 2.9999846810697983 2.9945820308775164
0.9349840888298431 2.9999843919 2.9976683289081136
0.9356915367168066 2.999984344405888 2.999504074579464
0.9363989846037701 2.9999845351683874 2.999957683869243
0.9371064324907337 2.9999849548590807 2.99906542361627
0.9378138803776972 2.9999855884684563 2.9970204527930013
0.9385213282646607 2.999986415436024 2.9941418459150806
0.9392287761516243 2.999987409632239 2.990828109831633
0.9399362240385878 2.9999885391123233 2.98750374201269
0.9406436719255511 2.9999897655066956 2.9845692488501516
0.9413511198125146 2.9999910428135643 2.9823596199248485
0.9420585676994782 2.9999923151595462 2.9811125133015173
0.9427660155864417 2.9999935126708217 2.980949325931607
0.9434734634734052 2.999994543606082 2.981870146845134
0.9441809113603687 2.9999952783004837 2.9837584274389153
0.9448883592473323 2.9999955124482964 2.986394461569148
0.9455958071342958 2.99999486589884 2.9894812951479155
0.9463032550212593 2.9999923880797996 2.992680956906314
0.9470107029082229 2.9999811796756077 2.9956917934299687
0.9477181507951862 2.999975786785124 2.998052713611901
0.9484255986821497 2.9999756731952405 2.9994519739438403
0.9491330465691132 2.9999761584014397 2.999940123814869
0.9498404944560768 2.9999770635720995 2.9995468453010496
0.9505479423430403 2.999978274021174 2.9983939635116523
0.9512553902300038 2.9999797022152115 2.996679513474393
0.9519628381169674 2.9999812764567624 2.9946527054342282
0.9526702860039309 2.9999829361234527 2.9925838843413732
0.9533777338908944 2.9999846292709327 2.9907307735972264
0.9540851817778577 2.9999863112580165 2.9893101454039974
0.9547926296648213 2.9999879438628616 2.988478517576131
0.9555000775517848 2.9999894946499244 2.9883183940052667
0.9562075254387483 2.999990936467607 2.9888321995770295
0.9569149733257118 2.9999922470133917 2.989947036685371
0.9576224212126754 2.999993408430548 2.9915259315426175
0.9583298690996389 2.9999944069172866 2.993383292316042
0.9590373169866024 2.9999952323355776 2.9953073268870707
0.959744764873566 2.9999958778142295 2.9970860999019604
0.9604522127605293 2.9999963393404383 2.9985311229178433
0.9611596606474928 2.9999966153376443 2.999498881571523
0.9618671085344563 2.9999967062254513 2.999908724545113
0.9625745564214199 2.9999966139567587 2.999750286612799
0.9632820043083834 2.9999963415245556 2.999080835392487
0.9639894521953469 2.999995892425638 2.998016750049147
0.9646969000823105 2.9999952700614614 2.996716721681462
0.965404347969274 2.9999944770435825 2.9953583682183593
0.9661117958562375 2.999993514350661 2.994116928523124
0.966819243743201 2.9999923802487034 2.993146126178289
0.9675266916301644 2.9999910688216773 2.992559377545615
0.9682341395171279 2.999989567838564 2.992419105223415
0.9689415874040914 2.999987855436594 2.992734435547681
0.969649035291055 2.9999858945643565 2.9934600755830965
0.9703564831780185 2.9999836228390784 2.9945023492484224
0.971063931064982 2.999980931959659 2.9957348550109337
0.9717713789519455 2.9999776194166294 2.9970114588392773
0.9724788268389091 2.9999732469954585 2.998180799137375
0.9731862747258726 2.9999665069042294 2.9991092216354494
0.9738937226128359 2.999962762497195 2.9996956514695925
