# t = 1
# W = 140
# L = 100
# alpha = 0.025
# xic = 2.5231325220201604
# plate_distance = 70.6477106165645
# E_dis = 0.0031415926535897933
# E_img = 23.779963785636067
# ei = 0.0
# ef = 0.47123889803846897
# Ne = 200
# iter_dis = 1
# Ncore = 6
Energies G0 GIMG
0.0 0.0 0.0
0.0023680346635098944 2.23244751454369e-61 3.484380194647875e-54
0.004736069327019789 4.3471785094507975e-60 9.499108502796769e-53
0.007104103990529683 3.016677031868008e-59 8.277695630687588e-52
0.009472138654039577 2.205974194694236e-58 7.636449341315035e-51
0.011840173317549472 6.663062435984119e-58 3.1044612224722985e-50
0.014208207981059366 3.3390243394993217e-57 1.8708108474362367e-49
0.01657624264456926 8.884759567585877e-57 6.5837248404614546e-49
0.018944277308079155 3.2473273486024147e-56 2.978312544970642e-48
0.02131231197158905 8.781382413928635e-56 1.0319198195372336e-47
0.023680346635098944 2.018341214949599e-55 3.2169935283395705e-47
0.026048381298608838 6.777622930826767e-55 1.3183455600731785e-46
0.028416415962118732 1.6425243409557288e-54 4.18349220646437e-46
0.030784450625628627 3.665976131522235e-54 1.2707288695440909e-45
0.03315248528913852 1.078596910245228e-53 4.805193183093217e-45
0.03552051995264842 2.6022068699208164e-53 1.5309659915085808e-44
0.03788855461615831 5.821963611342752e-53 4.693144259822393e-44
0.0402565892796682 1.2725940027989547e-52 1.497583153576153e-43
0.0426246239431781 3.672450838622533e-52 5.580020560346216e-43
0.044992658606687996 8.455684203895626e-52 1.7875106307969788e-42
0.04736069327019789 1.8635760706516572e-51 5.728264160422119e-42
0.04972872793370778 4.168622183872719e-51 2.0259791237190176e-41
0.052096762597217676 1.140509645383204e-50 7.522948408933294e-41
0.054464797260727574 2.630303105973913e-50 2.5921434566817198e-40
0.056832831924237465 5.7846481157534e-50 9.071469209133028e-40
0.059200866587747356 1.2401496519654419e-49 3.326463919857568e-39
0.06156890125125725 3.495095058206375e-49 1.4384564967254324e-38
0.06393693591476715 8.321137073764204e-49 5.662505895995517e-38
0.06630497057827704 1.8691513494935452e-48 2.2857572926579734e-37
0.06867300524178693 4.169553980646998e-48 9.722915345619427e-37
0.07104103990529684 9.599965401520785e-48 4.542643127518784e-36
0.07340907456880673 2.7880992141272443e-47 2.4327149873169907e-35
0.07577710923231662 6.718496035214015e-47 1.2430011711067774e-34
0.07814514389582651 1.606816502297603e-46 6.846975125575739e-34
0.0805131785593364 3.783282550079797e-46 4.184594707551547e-33
0.0828812132228463 8.567759121822905e-46 2.9594262908708055e-32
0.0852492478863562 2.788953677166102e-45 2.552682384788133e-31
0.08761728254986609 7.230881411110465e-45 2.2720850523961395e-30
0.08998531721337599 1.679904766230135e-44 2.4383957654023832e-29
0.09235335187688588 4.010747714051179e-44 3.342136909079143e-28
0.09472138654039577 1.0966169517743147e-43 6.306464796642831e-27
0.09708942120390567 3.376682974474453e-43 1.9397926653798039e-25
0.09945745586741556 1.0071831563300722e-42 8.180646051835912e-24
0.10182549053092546 2.961491006389642e-42 7.061686372381672e-22
0.10419352519443535 6.84028880846683e-42 1.756033068822576e-19
0.10656155985794524 1.6728695269630832e-41 2.463525939769252e-16
0.10892959452145515 7.468105386384141e-41 1.2692638225267484e-11
0.11129762918496504 1.4829085889936012e-40 0.0009254801253549719
0.11366566384847493 9.02232601023876e-40 0.46173381963748633
0.11603369851198482 1.9295044715954492e-39 0.8035382443349574
0.11840173317549471 5.6237316955419664e-39 0.41826176921807917
0.12076976783900462 3.476730795118964e-38 0.8860969145544294
0.1231378025025145 9.187615116886815e-38 0.9820838208935073
0.1255058371660244 3.6523132614870943e-37 0.9604278513687892
0.1278738718295343 2.0662638591830476e-36 0.9723146355381305
0.13024190649304418 2.1620730879731512e-36 0.9957790454188168
0.13260994115655408 5.14941173197845e-35 0.9998654672610888
0.134977975820064 3.5728899469599035e-34 0.998259408340066
0.13734601048357387 2.005486962826258e-33 0.9987706153532321
0.13971404514708377 1.8483201512682632e-32 0.9998958718844181
0.14208207981059368 1.168615672253803e-31 0.999108868738206
0.14445011447410355 1.6022231279501957e-31 0.9998104654368077
0.14681814913761346 9.12947403158549e-30 0.9999111528063721
0.14918618380112333 4.119189752837193e-28 0.9999727806376358
0.15155421846463324 4.531919853409963e-26 0.9999956049986747
0.15392225312814314 2.833935163917587e-12 0.9999046395347408
0.15629028779165302 0.9989013509312815 0.9995937398015536
0.15865832245516293 0.9985575576268946 0.9990672627748148
0.1610263571186728 0.9990093105343301 0.9997834730647274
0.1633943917821827 0.9999827668765294 0.9994214015374178
0.1657624264456926 0.9999876026498445 0.9996310801981989
0.1681304611092025 0.9999989713710397 0.9999827793250046
0.1704984957727124 0.9998642506042273 0.999792590606061
0.1728665304362223 0.9995471441819683 0.9995908993341801
0.17523456509973218 0.9996820140946796 0.9999578063212913
0.17760259976324208 0.9999891874662586 0.9986933811859651
0.17997063442675199 0.999688553990972 0.9995575139264684
0.18233866909026186 0.9998572103640798 0.999772742162786
0.18470670375377177 0.9998852775414313 0.9997928617178424
0.18707473841728164 0.9998715234408523 0.9998746475307501
0.18944277308079155 0.9998811345499639 0.9996027358581461
0.19181080774430145 0.9999016219056203 0.9999705046847872
0.19417884240781133 0.9997639687738392 0.9996680258343472
0.19654687707132124 0.9997682537012592 0.9990074701923399
0.1989149117348311 0.9998416469228047 0.99933850670036
0.20128294639834102 0.9999796504202023 0.9994748572565637
0.20365098106185092 0.9998512750953418 0.9996406621807924
0.2060190157253608 0.9999803254800916 0.9997248266413433
0.2083870503888707 0.9999349226239901 0.9996884450526636
0.2107550850523806 0.9998692933041782 0.9994926661305454
0.21312311971589049 0.9999984665241549 0.9991934753505272
0.2154911543794004 0.9997719179951123 0.999835388599648
0.2178591890429103 0.9999563784868206 0.9990363046903721
0.22022722370642017 0.9999649641682287 0.9994990165194123
0.22259525836993008 0.9999005260669658 0.999990926274923
0.22496329303343995 0.9999743913930651 0.9996955024750397
0.22733132769694986 0.999987034574365 0.9997714097211975
0.22969936236045976 0.9999161641333338 0.9995187450753839
0.23206739702396964 0.9999470296761739 0.9999884787786284
0.23443543168747955 0.9999967866081632 0.9996899195539758
0.23680346635098942 0.9997826525148756 0.9995214041748977
0.23917150101449933 0.9999672490853533 0.9995946957855361
0.24153953567800923 0.9999920121993294 0.9994764995077456
0.2439075703415191 0.9999438667386849 0.9998105667237766
0.246275605005029 0.9999546396583774 0.9999827927432956
0.24864363966853892 0.9999968632125389 0.9997930199648142
0.2510116743320488 0.9999812235723925 0.9993441794096904
0.2533797089955587 0.9999346428795021 0.9997458973620373
0.2557477436590686 0.9999536537641888 0.9998736999374264
0.2581157783225785 0.9999937233571438 0.999460850584522
0.26048381298608836 0.9999264532463826 0.9987743380421333
0.2628518476495983 0.9999621863906216 0.9999386022125687
0.26521988231310817 0.9999985700726786 0.9997142612661263
0.26758791697661805 0.9999871979218341 0.9999749329122534
0.269955951640128 0.9999624399384431 0.9993738046769222
0.27232398630363785 0.9999698968236745 0.9994735213070194
0.27469202096714773 0.9999963926915663 0.999234178315062
0.27706005563065766 0.9999887587504768 0.9999970266682237
0.27942809029416754 0.9999292964446399 0.9998163419573203
0.2817961249576774 0.9999740754246037 0.9994299695222295
0.28416415962118735 0.9999989765296716 0.9999167810106062
0.28653219428469723 0.9999782094672893 0.9998393455340769
0.2889002289482071 0.9999684852399768 0.9996386333038113
0.291268263611717 0.9999833230308856 0.9996061883718733
0.2936362982752269 0.9999991643002705 0.9998000322210044
0.2960043329387368 0.9999928175900934 0.9998112829617993
0.29837236760224667 0.9999709295683837 0.9997813508381074
0.3007404022657566 0.9999634286909024 0.9997267862390977
0.3031084369292665 0.9999885034802849 0.9995650792033206
0.30547647159277636 0.9999808152081747 0.9996474783689246
0.3078445062562863 0.9999673629209646 0.9999515669722936
0.31021254091979616 0.9999794416871151 0.9999700501809794
0.31258057558330604 0.9999962205036117 0.9999117633030079
0.314948610246816 0.9999989173941161 0.9999259809563212
0.31731664491032585 0.9999878079911907 0.9999721924739169
0.31968467957383573 0.9999779964573696 0.9999875797558344
0.3220527142373456 0.9999822437144513 0.9999375252731241
0.32442074890085554 0.9999962680650074 0.9999950613759443
0.3267887835643654 0.9999948773527018 0.9999061282407506
0.3291568182278753 0.9999587522867439 0.9999991285622454
0.3315248528913852 0.9999802991669553 0.999949573568922
0.3338928875548951 0.9999972051067405 0.9999810502778063
0.336260922218405 0.9999989194800946 0.9999948693855806
0.3386289568819149 0.9999906184696091 0.999969545624954
0.3409969915454248 0.9999840699075259 0.9999889972014073
0.34336502620893466 0.9999865950863571 0.9999972679161027
0.3457330608724446 0.9999954055153624 0.9999731629916899
0.3481010955359545 0.999999907940971 0.9999792407791471
0.35046913019946435 0.9999889020863859 0.9999999519118262
0.3528371648629743 0.999944210209835 0.9999347329471805
0.35520519952648416 0.9999888596075776 0.9999813174391728
0.35757323418999404 0.9999999057874884 0.9999998046364613
0.35994126885350397 0.9999960879340215 0.9999867817280751
0.36230930351701385 0.9999890875709114 0.9999824793503123
0.3646773381805237 0.9999871608873462 0.9999942921292969
0.3670453728440336 0.9999916815369505 0.9999997064721353
0.36941340750754353 0.9999980276491147 0.9999903062138258
0.3717814421710534 0.9999996792171215 0.9999830189087969
0.3741494768345633 0.9999927545218369 0.9999911027389727
0.3765175114980732 0.9999784500294571 0.9999999425597142
0.3788855461615831 0.9999757660523224 0.9999657486730693
0.381253580825093 0.9999996768481868 0.9999828701190743
0.3836216154886029 0.99999672317674 0.9999980745527495
0.3859896501521128 0.9999906690651265 0.9999985041965169
0.38835768481562266 0.9999889825782377 0.9999917180744486
0.3907257194791326 0.9999923009240441 0.9999897297288798
0.39309375414264247 0.9999973277629339 0.9999948804008425
0.39546178880615235 0.999999981666072 0.9999997953402255
0.3978298234696622 0.999997775875355 0.9999973761003386
0.40019785813317216 0.9999907971275186 0.9999892210137948
0.40256589279668203 0.9999814736921072 0.9999848607206808
0.4049339274601919 0.9999743785454814 0.9999937188265459
0.40730196212370184 0.9999995208303346 0.9999953710576734
0.4096699967872117 0.9999937335716966 0.9999894549405748
0.4120380314507216 0.9999906803262717 0.9999912590474771
0.41440606611423153 0.9999918035733508 0.9999967968999274
0.4167741007777414 0.9999950887958625 0.9999999497361758
0.4191421354412513 0.9999983508253927 0.9999983355807389
0.4215101701047612 0.9999999772209768 1.2472527409511451
0.4238782047682711 0.999998583002666 1.4392231046497306
0.42624623943178097 0.9999920548862772 1.7955732482264837
0.4286142740952909 0.9999790758088999 1.8116354504768708
0.4309823087588008 0.999983680282722 1.9703893794435754
0.43335034342231066 0.9999990256867888 1.9600931433851183
0.4357183780858206 0.9999973872389147 1.995938240381913
0.43808641274933047 0.9999948785018948 1.9670710161750338
0.44045444741284034 0.999991234586133 1.952645671659956
0.4428224820763502 0.9999923077474547 1.978964819396846
0.44519051673986015 0.9999973815754489 1.99923508247701
0.44755855140337003 0.9999996209939753 1.9969314788600154
0.4499265860668799 0.9999988909567108 1.9945906184658118
0.45229462073038984 0.9999951156095699 1.996075865471699
0.4546626553938997 0.9999899342008425 1.998145828025363
0.4570306900574096 0.9999874941733649 1.9991538853745185
0.4593987247209195 1.9993450699801578 1.9996139250485154
0.4617667593844294 1.9986248454512874 1.999135017005243
0.4641347940479393 1.998785729630362 1.999208188266335
0.4665028287114492 1.9995811669164867 1.9992505556017524
0.4688708633749591 1.9995676768093 1.9993028185441792
0.47123889803846897 1.9995086709901966 1.9994663007327333
