# t = 1
# W = 140
# L = 100
# alpha = 0.025
# xic = 2.5231325220201604
# plate_distance = 73.17084313858464
# E_dis = 0.0031415926535897933
# E_img = 23.779963785636067
# ei = 0.0
# ef = 0.47123889803846897
# Ne = 200
# iter_dis = 1
# Ncore = 6
Energies G0 GIMG
0.0 0.0 0.0
0.0023680346635098944 2.0772637636020743e-61 1.7927386361703334e-54
0.004736069327019789 4.0470691340937265e-60 4.843746653541123e-53
0.007104103990529683 2.800713291573375e-59 4.176983380954139e-52
0.009472138654039577 2.0489514214721046e-58 3.8164381370766796e-51
0.011840173317549472 6.17721021534339e-58 1.533876866235038e-50
0.014208207981059366 3.095166482499263e-57 9.152713673570069e-50
0.01657624264456926 8.222222313342685e-57 3.182397357699094e-49
0.018944277308079155 3.0023268688616503e-56 1.423866923423114e-48
0.02131231197158905 8.103880864268255e-56 4.8731663630805737e-48
0.023680346635098944 1.8596758944870013e-55 1.4985106809729766e-47
0.026048381298608838 6.2371531327600825e-55 6.073021474378126e-47
0.028416415962118732 1.509538471209731e-54 1.9020633124550556e-46
0.030784450625628627 3.364782030735388e-54 5.6943013585850716e-46
0.03315248528913852 9.884661682555223e-54 2.1278649957112504e-45
0.03552051995264842 2.3822764375445207e-53 6.688255311538804e-45
0.03788855461615831 5.323595223971102e-53 2.0192583368626506e-44
0.0402565892796682 1.1614024178712856e-52 6.33519195591081e-44
0.0426246239431781 3.35071591943525e-52 2.3338878910461088e-43
0.044992658606687996 7.709576523304322e-52 7.358152789640325e-43
0.04736069327019789 1.6968825993319812e-51 2.3168729141565426e-42
0.04972872793370778 3.78686133864128e-51 8.046151366177205e-42
0.052096762597217676 1.0371732846255026e-50 2.9445609000248833e-41
0.054464797260727574 2.3898940628646518e-50 9.9533437146495e-41
0.056832831924237465 5.247356435805928e-50 3.4101881512642435e-40
0.059200866587747356 1.1227798831571361e-49 1.2221442849572826e-39
0.06156890125125725 3.1697797036947568e-49 5.184853363434008e-39
0.06393693591476715 7.539136440716435e-49 1.992423285496985e-38
0.06630497057827704 1.6916034117719516e-48 7.826863436762829e-38
0.06867300524178693 3.77216508797216e-48 3.2313895550018387e-37
0.07104103990529684 8.685350809638806e-48 1.462134887724164e-36
0.07340907456880673 2.519097289838685e-47 7.604259231743643e-36
0.07577710923231662 6.074173199666995e-47 3.7420388886980516e-35
0.07814514389582651 1.4524510295651306e-46 1.9756444093844627e-34
0.0805131785593364 3.409000174983987e-46 1.151652292932414e-33
0.0828812132228463 7.676687078897455e-46 7.73113011394665e-33
0.0852492478863562 2.5222915192390093e-45 6.323678557459513e-32
0.08761728254986609 6.499581775502909e-45 5.260481442632583e-31
0.08998531721337599 1.502130316849316e-44 5.214755828717921e-30
0.09235335187688588 3.6015879232284854e-44 6.509748930915094e-29
0.09472138654039577 9.894068543221761e-44 1.0988413711206137e-27
0.09708942120390567 2.95095617814349e-43 2.964912877551208e-26
0.09945745586741556 9.130577462685687e-43 1.0441033502175725e-24
0.10182549053092546 2.6489830227725202e-42 7.058121316328015e-23
0.10419352519443535 5.968726920082418e-42 1.2269722213649974e-20
0.10656155985794524 1.5078607790847587e-41 9.347676948403172e-18
0.10892959452145515 6.782980766367258e-41 1.039043476122854e-13
0.11129762918496504 1.3791069682648506e-40 3.2099817519549917e-06
0.11366566384847493 8.214565141713698e-40 0.10076955235856708
0.11603369851198482 1.578848288238935e-39 0.9383387011369773
0.11840173317549471 5.525319976518136e-39 0.9556432810255017
0.12076976783900462 2.800046987333944e-38 0.9893980531550229
0.1231378025025145 1.0962126631781689e-37 0.9893152108429866
0.1255058371660244 2.216028402715339e-37 0.9799790541686726
0.1278738718295343 2.0711200939800986e-36 0.9672244167663492
0.13024190649304418 1.9502791141511522e-36 0.9779346853300825
0.13260994115655408 2.9172893316900757e-35 0.9893189835276095
0.134977975820064 2.8676769329591297e-34 0.9972335490441139
0.13734601048357387 2.0478562653323168e-33 0.9995480871681205
0.13971404514708377 1.6807387747750426e-32 0.9999823982501577
0.14208207981059368 5.920698881798742e-32 0.9983030917854807
0.14445011447410355 7.699151328524158e-31 0.9982754618689959
0.14681814913761346 1.8868015804375617e-30 0.9993120951584193
0.14918618380112333 7.879605592957259e-28 0.9998721432203787
0.15155421846463324 9.369734706111079e-26 0.9999771166433336
0.15392225312814314 3.61156106842922e-11 0.9996734023221355
0.15629028779165302 0.9988563018180185 0.9996880564524263
0.15865832245516293 0.9990158795934602 0.9998182807142072
0.1610263571186728 0.999166242699078 0.9992511336600336
0.1633943917821827 0.9999999969062241 0.9999890182558768
0.1657624264456926 0.9999622281051439 0.9996044812838817
0.1681304611092025 0.999999013267858 0.9997197966895899
0.1704984957727124 0.9998933927707777 0.9999376543889144
0.1728665304362223 0.999561092007109 0.9995033036562588
0.17523456509973218 0.999654886830628 0.9993293772913774
0.17760259976324208 0.9999796284867127 0.9983666956440271
0.17997063442675199 0.999703592567539 0.9997734288204368
0.18233866909026186 0.9998488679854617 0.999978070097025
0.18470670375377177 0.999892255630081 0.9996309019183278
0.18707473841728164 0.9998673150636705 0.999640456678364
0.18944277308079155 0.9998860359582163 0.9999435946933083
0.19181080774430145 0.9998983630194843 0.9999732967496657
0.19417884240781133 0.9997691024101646 0.9998155737358172
0.19654687707132124 0.9997643550707476 0.9998517851009804
0.1989149117348311 0.9998446560224565 0.9996248520711228
0.20128294639834102 0.9999789360982266 0.9995525952876015
0.20365098106185092 0.9998521468717672 0.9995016210154494
0.2060190157253608 0.9999808762667419 0.9996951074673068
0.2083870503888707 0.9999348609674847 0.9999856061663531
0.2107550850523806 0.9998702688289777 0.9994019214716606
0.21312311971589049 0.9999985184453067 0.9992865092043312
0.2154911543794004 0.9997732203217237 0.9999752923548391
0.2178591890429103 0.9999565353130325 0.9990289755123183
0.22022722370642017 0.9999653183419862 0.9995952028227578
0.22259525836993008 0.999901081321353 0.9999327349474298
0.22496329303343995 0.9999743149584666 0.9994339257061828
0.22733132769694986 0.9999873117322404 0.999662413492376
0.22969936236045976 0.999916768243888 0.9995019783686504
0.23206739702396964 0.9999468781508327 0.9991636570387632
0.23443543168747955 0.9999970021050419 0.9999885332962812
0.23680346635098942 0.9997840785789964 0.9978844293417926
0.23917150101449933 0.9999668255318864 0.9995778086427308
0.24153953567800923 0.999992354228749 0.999165360709319
0.2439075703415191 0.9999444384776606 0.9997412157289206
0.246275605005029 0.9999545095069992 0.9994979170624942
0.24864363966853892 0.9999966790685115 0.9999362344105681
0.2510116743320488 0.9999817435181446 0.999999496805211
0.2533797089955587 0.9999350834327756 0.9997962571688228
0.2557477436590686 0.9999531389799418 0.9999257295582954
0.2581157783225785 0.9999942961976201 0.9971565821752528
0.26048381298608836 0.9999270615137127 0.9986942057691937
0.2628518476495983 0.9999618313363703 0.9990720587455838
0.26521988231310817 0.999998414613823 0.9994595370868715
0.26758791697661805 0.9999876230869059 0.9995463102954798
0.269955951640128 0.9999627431807118 0.9998383549362786
0.27232398630363785 0.9999696270551965 0.999604775200214
0.27469202096714773 0.999996140450916 0.9994570144059183
0.27706005563065766 0.9999892619979149 0.9993078806269722
0.27942809029416754 0.9999299383517855 0.9996116124311967
0.2817961249576774 0.9999733490640211 0.9996965052709
0.28416415962118735 0.9999991316172594 0.9994180818875549
0.28653219428469723 0.9999786758074045 0.9995636513294253
0.2889002289482071 0.9999685293747587 0.9998713444317596
0.291268263611717 0.999982999936525 0.999790674000229
0.2936362982752269 0.9999990432028468 0.9999880216077739
0.2960043329387368 0.9999931395940831 0.9998213926628454
0.29837236760224667 0.9999712423700216 0.9997898037993158
0.3007404022657566 0.999963130255201 0.9998237183939649
0.3031084369292665 0.9999878717281498 0.9999378983721314
0.30547647159277636 0.9999814409403367 0.9998808619743655
0.3078445062562863 0.9999675092369305 0.999950589957279
0.31021254091979616 0.9999791328142301 0.9999985602885554
0.31258057558330604 0.999995984755768 0.9999380673228018
0.314948610246816 0.9999990399689876 0.9999951022916217
0.31731664491032585 0.9999880807733309 0.9999510113098682
0.31968467957383573 0.9999780206142208 0.9999998069122458
0.3220527142373456 0.9999819155822977 0.9999482804655531
0.32442074890085554 0.9999959828714782 0.9999847167621793
0.3267887835643654 0.999995254255117 0.9999616963635153
0.3291568182278753 0.9999588254193698 0.9999575787010395
0.3315248528913852 0.9999798940080634 0.9999958939994174
0.3338928875548951 0.9999969865638116 0.9999652655339384
0.336260922218405 0.9999990368288699 0.9999838936065254
0.3386289568819149 0.9999908280171348 0.9999995135402656
0.3409969915454248 0.9999840805166798 0.999980937343941
0.34336502620893466 0.9999863600566956 0.9999785002635502
0.3457330608724446 0.9999951589910925 0.999997569908414
0.3481010955359545 0.9999999432362768 0.9999915508262595
0.35046913019946435 0.9999892439750949 0.9999634426095075
0.3528371648629743 0.9999440793901199 0.9999756821264842
0.35520519952648416 0.9999884089761842 0.9999919523078243
0.35757323418999404 0.999999860787089 0.9999771811373729
0.35994126885350397 0.9999962678239456 0.9999863220725689
0.36230930351701385 0.9999891978360248 0.9999990802302728
0.3646773381805237 0.9999870617088498 0.9999963667377506
0.3670453728440336 0.9999914559403775 0.9999867811403549
0.36941340750754353 0.99999787519569 0.9999872393965246
0.3717814421710534 0.9999997370257643 0.9999969135936557
0.3741494768345633 0.9999929595050255 0.9999986161878451
0.3765175114980732 0.9999784972200659 0.9999820297766546
0.3788855461615831 0.9999750064028308 0.9999721030800682
0.381253580825093 0.9999995889443642 0.999999478325644
0.3836216154886029 0.9999968966669583 0.9999956872308877
0.3859896501521128 0.9999907801495426 0.9999888080120235
0.38835768481562266 0.9999889090666177 0.9999902039712468
0.3907257194791326 0.9999921103243083 0.9999968270715369
0.39309375414264247 0.9999971694863866 0.9999999814500548
0.39546178880615235 0.9999999655438773 0.9999960793978403
0.3978298234696622 0.9999978961766901 0.9999899260306485
0.40019785813317216 0.9999909191764601 0.9999892337772919
0.40256589279668203 0.9999813568645234 0.9999959704704718
0.4049339274601919 0.9999735589925619 0.9999980148535652
0.40730196212370184 0.9999996165845854 0.9999846470037375
0.4096699967872117 0.9999939044751761 0.9999899411371025
0.4120380314507216 0.9999906940331277 0.9999973047525601
0.41440606611423153 0.9999916800546549 0.9999999925815515
0.4167741007777414 0.9999949243611655 0.9999975563549923
0.4191421354412513 0.9999982343554377 0.9999938092387999
0.4215101701047612 0.9999999613121283 1.3301506506053045
0.4238782047682711 0.9999986795643097 1.517273083175055
0.42624623943178097 0.9999922089875732 1.7097224891003884
0.4286142740952909 0.9999789657603716 1.8734441669876871
0.4309823087588008 0.9999828281470171 1.857858281068837
0.43335034342231066 0.9999991314759676 1.9302730358069702
0.4357183780858206 0.9999974839663605 1.9623185361726005
0.43808641274933047 0.9999949552355221 1.9976336258085134
0.44045444741284034 0.9999912117302259 1.9932826862758752
0.4428224820763502 0.999992042991742 1.9868954310216445
0.44519051673986015 0.9999971993166404 1.9894234761282938
0.44755855140337003 0.9999995577308793 1.9924401451629088
0.4499265860668799 0.9999990001615172 1.9959825831327973
0.45229462073038984 0.9999952297095721 1.9976578071933158
0.4546626553938997 0.9999898888007132 1.9988875851981143
0.4570306900574096 0.9999872595824989 1.9994752664140985
0.4593987247209195 1.9981237014759998 1.9996287522211817
0.4617667593844294 1.9988013894425858 1.9987120519162498
0.4641347940479393 1.9987444818486606 1.999471549545323
0.4665028287114492 1.9995691999240257 1.9999333533050152
0.4688708633749591 1.9995411993548953 1.9998438434502652
0.47123889803846897 1.9995063681420202 1.9994084214827677
