# t = 1
# W = 140
# L = 100
# alpha = 0.025
# xic = 2.5231325220201604
# plate_distance = 85.78650574868546
# E_dis = 0.0031415926535897933
# E_img = 23.779963785636067
# ei = 0.0
# ef = 0.47123889803846897
# Ne = 200
# iter_dis = 1
# Ncore = 6
Energies G0 GIMG
0.0 0.0 0.0
0.0023680346635098944 2.4587699126763788e-61 1.7081478986287096e-55
0.004736069327019789 4.772046591927711e-60 4.4262310586216235e-54
0.007104103990529683 3.3279440128043016e-59 3.653420419123684e-53
0.009472138654039577 2.4237463250995483e-58 3.2110780826605444e-52
0.011840173317549472 7.33519826988322e-58 1.2320323781262886e-51
0.014208207981059366 3.67022591190428e-57 7.08715587492028e-51
0.01657624264456926 9.778349947422423e-57 2.35459836308541e-50
0.018944277308079155 3.5708720762121095e-56 1.0121679594818553e-49
0.02131231197158905 9.663977143437156e-56 3.315881666078053e-49
0.023680346635098944 2.2202902729716972e-55 9.693900977393881e-49
0.026048381298608838 7.459625696937323e-55 3.7720564830274534e-48
0.028416415962118732 1.8077200545774282e-54 1.124330533196207e-47
0.030784450625628627 4.0317993625317573e-54 3.1841210533695937e-47
0.03315248528913852 1.1874385618373407e-53 1.1342921471004304e-46
0.03552051995264842 2.8641178293535735e-53 3.376083695429294e-46
0.03788855461615831 6.405257155392681e-53 9.587797029204068e-46
0.0402565892796682 1.4000404104849535e-52 2.810453308275378e-45
0.0426246239431781 4.045367414289958e-52 9.825464611958414e-45
0.044992658606687996 9.316068943127398e-52 2.893616175765524e-44
0.04736069327019789 2.0547399926007485e-51 8.45327627995956e-44
0.04972872793370778 4.6005775841401045e-51 2.7115721430110173e-43
0.052096762597217676 1.2586507469927085e-50 9.252955907761914e-43
0.054464797260727574 2.9063565289251846e-50 2.8697131703698696e-42
0.056832831924237465 6.400313186791498e-50 8.942430409032608e-42
0.059200866587747356 1.3725454974999731e-49 2.8903931296816843e-41
0.06156890125125725 3.869887810787694e-49 1.1150644425734634e-40
0.06393693591476715 9.232963394911547e-49 3.826076834493496e-40
0.06630497057827704 2.0752887409510004e-48 1.3237972695724757e-39
0.06867300524178693 4.626159155800599e-48 4.751084133852147e-39
0.07104103990529684 1.0645796561359385e-47 1.844602594090335e-38
0.07340907456880673 3.104344818355878e-47 8.258453108012566e-38
0.07577710923231662 7.470354225622514e-47 3.38360848021681e-37
0.07814514389582651 1.7862159900456813e-46 1.4515473711212428e-36
0.0805131785593364 4.215971138475572e-46 6.694969886418154e-36
0.0828812132228463 9.578973690248878e-46 3.4531802865124367e-35
0.0852492478863562 3.097828971838907e-45 2.1308473547120513e-34
0.08761728254986609 8.069017599086408e-45 1.2526259029329573e-33
0.08998531721337599 1.8774188779230074e-44 8.242522611301211e-33
0.09235335187688588 4.4547188444439686e-44 6.323905832565566e-32
0.09472138654039577 1.2139629529586016e-43 5.944774560848081e-31
0.09708942120390567 3.829747401675076e-43 7.98198032138988e-30
0.09945745586741556 1.1094094676485682e-42 1.1357298573309864e-28
0.10182549053092546 3.2930214225257466e-42 2.3292885304677583e-27
0.10419352519443535 7.696070766533969e-42 7.955335721428589e-26
0.10656155985794524 1.8372525506728813e-41 5.634031193144641e-24
0.10892959452145515 8.265427640757486e-41 1.2031314221073598e-21
0.11129762918496504 1.6239572981287512e-40 1.5773928248945734e-18
0.11366566384847493 9.893669015401655e-40 5.5247375550526636e-14
0.11603369851198482 2.2031979973368783e-39 0.0004679024824846191
0.11840173317549471 5.982441909045765e-39 0.4392708303919476
0.12076976783900462 3.9683828885667454e-38 0.8739593034620352
0.1231378025025145 9.429052266728085e-38 0.8614480675298642
0.1255058371660244 4.28618993223561e-37 0.9342510388502513
0.1278738718295343 2.1900013994214938e-36 0.9997751621593256
0.13024190649304418 2.4266233268860368e-36 0.9756830736541651
0.13260994115655408 5.712886891298687e-35 0.9987174231464906
0.134977975820064 3.79396959764227e-34 0.9976956499332809
0.13734601048357387 2.1143204646289142e-33 0.9999957834750001
0.13971404514708377 1.9106951062705738e-32 0.9996145161271659
0.14208207981059368 1.1563305770582879e-31 0.9992029840256001
0.14445011447410355 1.543569577287418e-31 0.9992377194323239
0.14681814913761346 5.26115991099156e-30 0.9989598290184243
0.14918618380112333 4.131311585639484e-28 0.9993133699247608
0.15155421846463324 3.5517733637553305e-27 0.9996030312319586
0.15392225312814314 9.646875050711433e-11 0.999889942861568
0.15629028779165302 0.9998322755216323 0.9999959361273448
0.15865832245516293 0.9986923512076974 0.9999661648102501
0.1610263571186728 0.999082151244425 0.9986035341990358
0.1633943917821827 0.9999964373253046 0.9990810084133349
0.1657624264456926 0.9999720814951134 0.9996211049710224
0.1681304611092025 0.999999541311497 0.9999846350707754
0.1704984957727124 0.9998940410302494 0.9992107418629772
0.1728665304362223 0.9995667631302145 0.999997555247306
0.17523456509973218 0.9996471303225377 0.9986487006018567
0.17760259976324208 0.9999727816602999 0.9991471950985963
0.17997063442675199 0.9997165147392819 0.9987489139075658
0.18233866909026186 0.999839723439683 0.9998954468134243
0.18470670375377177 0.9999015613841934 0.999246351540119
0.18707473841728164 0.9998592834035959 0.9991950769340449
0.18944277308079155 0.9998957227700931 0.9993416411721502
0.19181080774430145 0.9998883190843896 0.9996353558096638
0.19417884240781133 0.9997827555678014 0.999253837138791
0.19654687707132124 0.9997439279903846 0.9986262059078422
0.1989149117348311 0.9998558834101002 0.9993124629281379
0.20128294639834102 0.9999734747859603 0.9998185307041887
0.20365098106185092 0.999853095613501 0.9999301351417846
0.2060190157253608 0.9999851715658447 0.9991978160531173
0.2083870503888707 0.999928716618327 0.9994575564105926
0.2107550850523806 0.9998753909382911 0.9999957804460807
0.21312311971589049 0.9999996707087475 0.9986607810426991
0.2154911543794004 0.9997641806481626 0.9965814656679165
0.2178591890429103 0.9999639613194624 0.9999892938972348
0.22022722370642017 0.999959934275678 0.9996613868759681
0.22259525836993008 0.999901840319681 0.9990556477170423
0.22496329303343995 0.9999782557682516 0.9997032564535057
0.22733132769694986 0.9999842667309357 0.9994007994585372
0.22969936236045976 0.9999155546720812 0.9989578068660905
0.23206739702396964 0.9999519395969217 0.9986460346809561
0.23443543168747955 0.9999948406263682 0.9998604375263462
0.23680346635098942 0.9997833202866364 0.9980503338341373
0.23917150101449933 0.9999716852252919 0.9998176387057095
0.24153953567800923 0.9999899865116119 0.9999133895556859
0.2439075703415191 0.9999427023689949 0.9999979362367618
0.246275605005029 0.9999571396628189 0.9992948865923619
0.24864363966853892 0.9999978674157074 0.9996983221888337
0.2510116743320488 0.9999791513967838 0.9996551105577817
0.2533797089955587 0.9999346969743577 0.9999983410499612
0.2557477436590686 0.9999574316511083 0.9997496190337182
0.2581157783225785 0.999991135611458 0.9986335217300664
0.26048381298608836 0.9999259750380204 0.9995178285795594
0.2628518476495983 0.9999645734404384 0.9999224717292521
0.26521988231310817 0.9999991254159437 0.9999704063496924
0.26758791697661805 0.9999858646999844 0.9999720485602798
0.269955951640128 0.999962196399823 0.9999970223478553
0.27232398630363785 0.9999714772819368 0.9999847909140924
0.27469202096714773 0.9999972520893207 0.9999377484310467
0.27706005563065766 0.9999872616572624 0.9999903574262035
0.27942809029416754 0.9999286046443132 0.9999287446766605
0.2817961249576774 0.9999766720274191 0.9998339012302888
0.28416415962118735 0.9999984556917092 0.9999948619473563
0.28653219428469723 0.9999771552090152 0.9999246005164474
0.2889002289482071 0.9999688069452315 0.9999999920276408
0.291268263611717 0.9999844269366972 0.9999477567852231
0.2936362982752269 0.9999994620184194 0.9999811581916086
0.2960043329387368 0.9999920090403482 0.9999860404713397
0.29837236760224667 0.9999704297361072 0.999942215232627
0.3007404022657566 0.9999645622085356 0.9999910609466013
0.3031084369292665 0.9999901064045172 0.9999481475216893
0.30547647159277636 0.9999794120564013 0.9999538136778382
0.3078445062562863 0.9999672462838611 0.9999991420102408
0.31021254091979616 0.9999802897506772 0.9999689688131627
0.31258057558330604 0.9999967603528547 0.9999726987538478
0.314948610246816 0.9999986147980567 0.9999983722651575
0.31731664491032585 0.9999872351401331 0.9999896144963741
0.31968467957383573 0.9999780229335378 0.9999703939931793
0.3220527142373456 0.9999830017664677 0.9999835112477808
0.32442074890085554 0.999996852075848 0.9999998501547066
0.3267887835643654 0.9999940483955146 0.9999632361562862
0.3291568182278753 0.9999586296698345 0.9999684047438859
0.3315248528913852 0.9999811078431184 0.9999999094255618
0.3338928875548951 0.9999976180154335 0.9999884434481459
0.336260922218405 0.9999986631110261 0.9999787611406822
0.3386289568819149 0.9999901766842398 0.9999884454295677
0.3409969915454248 0.9999840037134364 0.9999995656509132
0.34336502620893466 0.9999869965496552 0.9999946415396328
0.3457330608724446 0.9999958388329085 0.9999818887855497
0.3481010955359545 0.9999998177076196 0.9999817941421708
0.35046913019946435 0.999988198155993 0.9999962469693339
0.3528371648629743 0.9999441300768362 0.9999840423958442
0.35520519952648416 0.9999895759194893 0.9999732337383612
0.35757323418999404 0.9999999640083225 0.9999894710923481
0.35994126885350397 0.9999957241015991 0.9999996899140081
0.36230930351701385 0.9999887964196326 0.9999965287511462
0.3646773381805237 0.9999872176508653 0.9999891117008517
0.3670453728440336 0.9999919886580572 0.9999883702467443
0.36941340750754353 0.999998258283349 0.9999950189743657
0.3717814421710534 0.9999995635214275 0.999999984445428
0.3741494768345633 0.9999923242532498 0.9999945598674636
0.3765175114980732 0.99997814003817 0.9999801513315882
0.3788855461615831 0.9999767218247183 0.9999818646435921
0.381253580825093 0.9999997925373713 0.9999999964231232
0.3836216154886029 0.9999963975894832 0.9999950049834389
0.3859896501521128 0.9999903732325566 0.9999896753960936
0.38835768481562266 0.9999889482673403 0.9999909252444056
0.3907257194791326 0.9999924814026465 0.9999963769886848
0.39309375414264247 0.9999975205991333 0.9999999247238563
0.39546178880615235 0.999999996217775 0.9999979469318867
0.3978298234696622 0.9999975568382119 0.9999922405080838
0.40019785813317216 0.9999904702438437 0.9999884174276052
0.40256589279668203 0.9999813402012888 0.9999913676500444
0.4049339274601919 0.9999750961842075 0.9999997080213485
0.40730196212370184 0.9999993631501257 0.9999901489122182
0.4096699967872117 0.999993380927986 0.9999886418792582
0.4120380314507216 0.9999904825800248 0.9999932511076133
0.41440606611423153 0.999991804626209 0.9999983246790924
0.4167741007777414 0.999995202794764 0.999999970965618
0.4191421354412513 0.9999984638088806 0.9999977725011128
0.4215101701047612 0.999999991319541 0.9999940209032568
0.4238782047682711 0.9999984269173059 1.0556357358837696
0.42624623943178097 0.9999917080750561 1.9498953169563593
0.4286142740952909 0.9999787860856341 1.5436387690919244
0.4309823087588008 0.9999841394739505 1.9288311037684016
0.43335034342231066 0.9999988668879239 1.8277851956366096
0.4357183780858206 0.9999972021462834 1.9708990937762583
0.43808641274933047 0.9999946629372701 1.9527150838433958
0.44045444741284034 0.9999910363191143 1.9972912802924507
0.4428224820763502 0.9999922971757846 1.9844394682838613
0.44519051673986015 0.9999974552495889 1.9990630805551344
0.44755855140337003 0.9999996715232261 1.9966795995522595
0.4499265860668799 0.9999987659931143 1.9998169555156495
0.45229462073038984 0.9999948492395182 1.9993067634981216
0.4546626553938997 0.9999895688270313 1.9993059201649273
0.4570306900574096 0.9999867440908062 1.9995317445005354
0.4593987247209195 1.999158167138053 1.9992641663808255
0.4617667593844294 1.9989191868668164 1.9981344467337543
0.4641347940479393 1.998754410962236 1.9987211434003025
0.4665028287114492 1.9996601294484888 1.9987861350289629
0.4688708633749591 1.999628533187963 1.9989122491662916
0.47123889803846897 1.9995367395480161 1.999136006420358
