# t = 1
# W = 200
# L = 200
# alpha0 = 0.003
# xic = 3.641828101973597
# plate_distance = 72.83656203947194
# E_dis = 0.0011309733552923255
# E_img = 27.458736985913067
# omB0 = 0.03769911184307752
# Zeeman0 = 0.012566370614359173
# T = 0.00047123889803846896
# Nelect_0 = 1188.03
# Nelect_img = 237.606
# iter_dis = 1
# Ncore = 5
alpha filling0 fillingIMG
0.003 10.001374945747894 1.9977202546692223
0.003033444816053512 9.89095907213124 1.9769164926531246
0.0030668896321070236 9.78438505277719 1.9544022314337908
0.0031003344481605353 9.678371327417102 1.9346198913438346
0.003133779264214047 9.572899305622295 1.913065695832112
0.003167224080267559 9.474699343322555 1.8955243992236255
0.00320066889632107 9.36379251545251 1.875517613381914
0.003234113712374582 9.273871231935788 1.855436136834755
0.0032675585284280937 9.175135995136742 1.83582272494543
0.0033010033444816054 9.093870443606072 1.818753307213146
0.003334448160535117 8.98870675469981 1.7973834715204766
0.003367892976588629 8.896684696040468 1.7828810192965343
0.0034013377926421407 8.819574773946755 1.7623073804073888
0.0034347826086956524 8.733199600327614 1.7482222102021865
0.003468227424749164 8.649366036916579 1.7315289806629608
0.0035016722408026755 8.5690300848397 1.7122889473494933
0.0035351170568561872 8.481480358775285 1.6977561411653674
0.003568561872909699 8.39879378696873 1.6803067889975662
0.0036020066889632107 8.343594510443154 1.6657705940501064
0.0036354515050167225 8.266929856787458 1.6492787646416724
0.0036688963210702343 8.171695754620941 1.6344326018496145
0.003702341137123746 8.10084589184697 1.6215923527901879
0.0037357859531772578 8.038102612257342 1.6063177161186704
0.0037692307692307695 7.9592204205617625 1.5908678207013578
0.0038026755852842813 7.888786778443977 1.576154657632436
0.003836120401337793 7.82215278361041 1.5651312917382938
0.0038695652173913048 7.753387422645678 1.550215816883176
0.0039030100334448165 7.687793248533294 1.5373501349700305
0.003936454849498328 7.623251390216327 1.5255518579587164
0.00396989966555184 7.5471151158568475 1.5126080478551551
0.004003344481605352 7.499456542274598 1.4991795537625288
0.0040367892976588635 7.445561381069536 1.4858815709536743
0.004070234113712375 7.371831489491068 1.4741023691878594
0.004103678929765887 7.294786147143023 1.4614878305344983
0.004137123745819399 7.2686887212572415 1.4491150454245714
0.00417056856187291 7.1929862666601405 1.4384410250781214
0.004204013377926421 7.129750859123777 1.426673563989986
0.004237458193979933 7.0688516664761245 1.41675429445645
0.004270903010033445 7.019231176513697 1.4039727097461583
0.004304347826086957 6.9752847727094265 1.3934235094841794
0.0043377926421404684 6.916260304226533 1.3821620107258357
0.00437123745819398 6.862462075922004 1.3733305075194975
0.004404682274247492 6.806697803117879 1.3628838312291596
0.004438127090301004 6.759624028003403 1.3526699290729234
0.0044715719063545155 6.706896209858149 1.342350495320644
0.004505016722408027 6.658824289640919 1.3338213175129083
0.004538461538461539 6.61604928204648 1.3209752756775097
0.004571906354515051 6.5508775800266585 1.3138624556728815
0.0046053511705685625 6.513049735260657 1.3029366517028294
0.004638795986622074 6.461201692939745 1.2945804647187023
0.004672240802675586 6.415663708824686 1.2834607493043322
0.004705685618729097 6.383665470569873 1.2762493913041624
0.004739130434782609 6.328403111430413 1.266640300203676
0.00477257525083612 6.290979776832658 1.2562511219541008
0.004806020066889632 6.2574799680095925 1.2490926197231864
0.004839464882943144 6.185548892025953 1.2403179086475276
0.004872909698996656 6.156048621170729 1.2315809210216964
0.004906354515050167 6.116874622598693 1.2231980580790538
0.004939799331103679 6.078399111391753 1.2156675093709493
0.004973244147157191 6.030402930502131 1.206055739228697
0.005006688963210703 5.993968056850824 1.197590549412574
0.005040133779264214 5.952195535004649 1.1901945426133342
0.005073578595317726 5.9133858754683555 1.1836843722717647
0.005107023411371238 5.874762860175913 1.1757221063991283
0.00514046822742475 5.83588759902738 1.1669365406701753
0.005173913043478261 5.7980615566974185 1.1597511885054785
0.005207357859531773 5.761076218827044 1.1533160451821955
0.005240802675585285 5.724756588998109 1.1436212297842694
0.005274247491638797 5.68798542381712 1.1379295898267758
0.005307692307692308 5.656817104894575 1.1310030172688774
0.00534113712374582 5.617059851995738 1.122359312208796
0.005374581939799332 5.58701970479137 1.1164917387778825
0.005408026755852844 5.5504033959234915 1.1088397417642746
0.005441471571906355 5.515026558075579 1.1023761569986856
0.005474916387959867 5.4734765360971585 1.0951546376612789
0.005508361204013379 5.452335716849068 1.089636342008266
0.005541806020066891 5.4246043970262035 1.0818152869681759
0.005575250836120402 5.381318555348745 1.0760304650653694
0.005608695652173914 5.3365419570383175 1.070724668082871
0.005642140468227426 5.3040600921644065 1.0624345070447367
0.005675585284280937 5.30234894236843 1.0573369237430708
0.005709030100334449 5.260287094274582 1.0505936195830334
0.00574247491638796 5.219573846039238 1.0438869152265713
0.005775919732441472 5.190851242171219 1.039092441116598
0.005809364548494984 5.1495211401211956 1.0333213066056997
0.005842809364548496 5.142176798123007 1.026667613079669
0.005876254180602007 5.094561327577923 1.0218058920409465
0.005909698996655519 5.081038865610769 1.0155596882675768
0.005943143812709031 5.044614139677592 1.0095697528399787
0.005976588628762543 5.022457165160059 1.0046472827626083
0.006010033444816054 4.989863186265311 0.9974078712274699
0.006043478260869565 4.962690742217902 0.9931053944585028
0.006076923076923077 4.9364955609381305 0.9876544251562491
0.006110367892976589 4.909596780396819 0.981870317364544
0.0061438127090301005 4.886660003121811 0.9759413614860093
0.006177257525083612 4.857206050420371 0.9720596237560366
0.006210702341137124 4.83119905082326 0.965624787481357
0.006244147157190636 4.805096978363833 0.9604368265568958
0.0062775919732441475 4.779245514688987 0.9548499612655659
0.006311036789297659 4.753392964958216 0.9502573540187115
0.006344481605351171 4.72407981031399 0.9466893659275502
0.006377926421404683 4.712955842337896 0.9407099060525447
0.0064113712374581945 4.682714112616641 0.9348977285500389
0.006444816053511706 4.647404108215961 0.9313530180256293
0.006478260869565218 4.633920680508848 0.9267490752083415
0.00651170568561873 4.619658652811145 0.9210924416152022
0.0065451505016722415 4.592643099546448 0.91584581897947
0.006578595317725753 4.58001816770774 0.9116923138158661
0.006612040133779265 4.541665207356078 0.9067659526117343
0.006645484949832777 4.513475363570029 0.9030630551713834
0.0066789297658862885 4.480950800962676 0.8983588756631578
0.0067123745819398 4.487917146209504 0.8930374199634917
0.006745819397993312 4.432297243261755 0.8888670237135349
0.006779264214046824 4.430785015074035 0.8843006560141488
0.0068127090301003355 4.419706987729325 0.8812914081809369
0.006846153846153847 4.373432343424513 0.8754732067021683
0.006879598662207359 4.341816578390802 0.8712312963451101
0.006913043478260871 4.3570314953280045 0.8685029284387851
0.006946488294314382 4.302354731898353 0.8644293716808207
0.0069799331103678934 4.283407435394772 0.8595535951225827
0.007013377926421405 4.290560141756406 0.8548648608513462
0.007046822742474917 4.2589111962923365 0.8513758858991544
0.007080267558528429 4.242045160685666 0.8470754315200792
0.0071137123745819405 4.221873582142537 0.8429082664786869
0.007147157190635452 4.1850496219233 0.8388243449172309
0.007180602006688964 4.165269033958127 0.83557490377286
0.007214046822742476 4.152770707259957 0.8321487567131876
0.0072474916387959875 4.132681918347508 0.82847331435289
0.007280936454849499 4.120035307969513 0.8237664873665228
0.007314381270903011 4.097113181079488 0.8208596818373062
0.007347826086956523 4.0842812528748444 0.8169668320437395
0.0073812709030100345 4.056996403764982 0.8121598140413577
0.007414715719063546 4.043620698665596 0.80934303557838
0.007448160535117058 4.03366276633183 0.8064399073226046
0.00748160535117057 4.009715538995899 0.8022116317575705
0.0075150501672240815 3.9917537710979625 0.797995279500828
0.007548494983277593 3.9741797327666526 0.7942741284115347
0.007581939799331105 3.956635772420518 0.7921622946363583
0.007615384615384617 3.939319252308584 0.7876021514686912
0.007648829431438128 3.9219935248377737 0.7846094334839362
0.007682274247491639 3.905203878346179 0.7806771148220121
0.007715719063545151 3.888233678394088 0.7783267518655883
0.007749163879598663 3.871324305284938 0.7737221772367658
0.007782608695652175 3.854603022772346 0.7716530858146246
0.007816053511705686 3.8382031183191336 0.7679936819862055
0.007849498327759198 3.821906499243909 0.7635656897670848
0.00788294314381271 3.805713889333113 0.7606539838131962
0.007916387959866222 3.7901234501093626 0.7584184079555683
0.007949832775919733 3.772179100489209 0.7549678287290872
0.007983277591973245 3.760886601899426 0.7522183142673134
0.008016722408026757 3.7395726957283073 0.7482936869362646
0.008050167224080269 3.7178132828933643 0.7458439412823673
0.00808361204013378 3.7055086627916247 0.7426743456207892
0.008117056856187292 3.684268624963503 0.738422443481978
0.008150501672240804 3.6904472438902802 0.7357750100908279
0.008183946488294316 3.6682319422966607 0.7331480781574476
0.008217391304347827 3.6529996392413797 0.7309685072534261
0.00825083612040134 3.6431652992545933 0.7268012333065403
0.008284280936454851 3.6364721778945204 0.7248473301098111
0.008317725752508363 3.620448346503577 0.7216708228795388
0.008351170568561873 3.600324947274989 0.7188973864659643
0.008384615384615386 3.5833537281771117 0.7154465972118091
0.008418060200668896 3.5779613328306064 0.7132207598171848
0.00845150501672241 3.530601285295687 0.7103026932037325
0.00848494983277592 3.5332856813963693 0.7071950587665864
0.008518394648829433 3.517287505909898 0.7041084461441931
0.008551839464882943 3.497378821006061 0.7022730430656755
0.008585284280936457 3.5043635503068673 0.6984892078153031
0.008618729096989967 3.480416364563264 0.6963715414832596
0.00865217391304348 3.4567727886106225 0.6943267434072935
0.00868561872909699 3.4739596154560712 0.6914191596603803
0.008719063545150504 3.4501773943826626 0.688288170134436
0.008752508361204014 3.4357764118975087 0.6851828192872741
0.008785953177257527 3.404462909927865 0.6825261753259859
0.008819397993311037 3.397247898616756 0.6801233052949327
0.00885284280936455 3.387171121725742 0.6778380853091519
0.00888628762541806 3.3632983566388575 0.6749129259695856
0.008919732441471574 3.3403934840598466 0.6727180203262605
0.008953177257525084 3.328734731685497 0.6698620317374722
0.008986622073578598 3.3138861502635963 0.6670370950214992
0.009020066889632108 3.343302818550186 0.6650410626447386
0.009053511705685621 3.3302024423684573 0.6621143135878046
0.009086956521739131 3.321668512444389 0.6603105204785149
0.009120401337792643 3.2917421372799827 0.6585274642279602
0.009153846153846155 3.258301950809305 0.6551257351571084
0.009187290969899667 3.288811383532355 0.6536537178980917
0.009220735785953178 3.2617683004971334 0.650145117637193
0.00925418060200669 3.239816970103413 0.6483545051654592
0.009287625418060202 3.2452029302738388 0.6464083819663248
0.009321070234113714 3.2354339634674827 0.6431807136005742
0.009354515050167225 3.198587502710578 0.6412267818587493
0.009387959866220737 3.1921325930092896 0.6387348029528712
0.009421404682274249 3.1773956341040224 0.6370847274639023
0.00945484949832776 3.182168040145448 0.6341957986953096
0.009488294314381272 3.1746031546194886 0.632920147940377
0.009521739130434784 3.1528576606904584 0.6306547119533985
0.009555183946488296 3.1318507486903515 0.6284407494943055
0.009588628762541808 3.1138270680474243 0.6251405067859768
0.00962207357859532 3.1020814794473766 0.6238041612765232
0.009655518394648831 3.1166035320129746 0.621632252192364
0.009688963210702343 3.088542711599789 0.6198161463911457
0.009722408026755855 3.086451264177987 0.6174041152698436
0.009755852842809366 3.088274916344508 0.6145157382566631
0.009789297658862876 3.062411165398203 0.6132377803485685
0.00982274247491639 3.0603455626908933 0.6113392197370678
0.0098561872909699 3.0512900566567 0.6083602674134847
0.009889632107023413 3.0222265017821424 0.6071343804803911
0.009923076923076923 3.021700491461445 0.6042257515561928
0.009956521739130437 3.0131503942301525 0.602145158617395
0.009989966555183947 3.002406195949712 0.6012060057372409
0.01002341137123746 2.9885923459580894 0.5979963247270083
0.01005685618729097 2.98058695032815 0.5963849577657907
0.010090301003344484 2.9726667243799842 0.5947303813251231
0.010123745819397994 2.9635143344141808 0.5927043271415672
0.010157190635451507 2.9534229850133733 0.5908248282297518
0.010190635451505017 2.943968061018517 0.5881913645003579
0.01022408026755853 2.9340498801660972 0.5866127615980452
0.010257525083612041 2.9250877377649465 0.585344579304564
0.010290969899665554 2.9153005149616815 0.582744709897269
0.010324414715719064 2.9057363388523196 0.5805352466598058
0.010357859531772578 2.896649964615205 0.5787945293814768
0.010391304347826088 2.887401175594943 0.5770076565153537
0.010424749163879601 2.8778182348805905 0.5761391363447064
0.010458193979933111 2.868295040361634 0.5740540733649327
0.010491638795986625 2.860565046971673 0.572498131847195
0.010525083612040135 2.850486486372978 0.5696203380810738
0.010558528428093647 2.8414329445370075 0.5681603257023303
0.010591973244147158 2.8315469198880416 0.5657499619555789
0.01062541806020067 2.8230064072681094 0.5642834260556168
0.010658862876254182 2.818591513845204 0.5633418512133106
0.010692307692307694 2.8070314800308345 0.5614840147327617
0.010725752508361205 2.796930806285469 0.5593427273350322
0.010759197324414717 2.779609929093822 0.5572549909517824
0.010792642140468229 2.775956986542319 0.5565062322811545
0.010826086956521742 2.7764852856575755 0.5538685948328356
0.010859531772575252 2.7747104121248514 0.5529601129595919
0.010892976588628762 2.7617965316922426 0.5509756207754991
0.010926421404682276 2.7390314821565402 0.5485054939388007
0.010959866220735786 2.744935980518346 0.5479851281392498
0.0109933110367893 2.7390435154688304 0.5463038486688464
0.01102675585284281 2.723836574264431 0.5443845844212406
0.011060200668896323 2.7070851382287957 0.5429542924869829
0.011093645484949833 2.7068400266117707 0.5411457954786589
0.011127090301003346 2.686660686641343 0.5393748402817522
0.011160535117056856 2.6951999568186022 0.5383685928822798
0.01119397993311037 2.665518941730251 0.5354885382127794
0.01122742474916388 2.678613603818772 0.5348160222547703
0.011260869565217393 2.6769101032685736 0.5322427803472138
0.011294314381270903 2.6595545878143 0.5309673904108339
0.011327759197324417 2.6445332295443595 0.5303338995029812
0.011361204013377927 2.642020743733099 0.528500337891543
0.01139464882943144 2.630898629507983 0.5264587702099941
0.01142809364548495 2.642648417440439 0.5249478433985864
0.011461538461538464 2.606877617019432 0.5238156066077464
0.011494983277591974 2.6242055835386675 0.5218879714567273
0.011528428093645487 2.5968756023557744 0.5202044427153615
0.011561872909698998 2.594149871389811 0.519186566341602
0.011595317725752511 2.5712380076594172 0.5174958509103871
0.011628762541806021 2.5671988121202975 0.5164626522818729
0.011662207357859534 2.5573304708053652 0.5143542144019507
0.011695652173913045 2.5581553350030695 0.5130058883803843
0.011729096989966558 2.542147765307946 0.5112037476372193
0.011762541806020068 2.560834683188851 0.5096538215474659
0.011795986622073582 2.522934979400491 0.5082353880672044
0.011829431438127092 2.520301347058924 0.506743591180376
0.011862876254180605 2.5172784835129 0.5057424916157224
0.011896321070234115 2.534020849131546 0.5048249338295231
0.011929765886287629 2.5345490775734776 0.5028068630232242
0.011963210702341139 2.4865216849623892 0.5014488391388751
0.011996655518394652 2.503744443257096 0.5002538545882869
0.012030100334448162 2.508926236016163 0.4988538551553838
0.012063545150501676 2.479263238321699 0.4973123257578881
0.012096989966555186 2.486966138384555 0.49579855335173684
0.012130434782608699 2.4681905786557765 0.49444408924931943
0.012163879598662209 2.4633689587254617 0.493356209932042
0.012197324414715723 2.44832551912726 0.49207643876964047
0.012230769230769233 2.437491406011236 0.4904136141186118
0.012264214046822746 2.4570921282862095 0.4896601026569427
0.012297658862876256 2.41510950458722 0.4882825163818061
0.012331103678929766 2.437777910194303 0.4865926110969844
0.01236454849498328 2.4338356491114923 0.4851170971274866
0.01239799331103679 2.416026010590925 0.4838979898679161
0.012431438127090303 2.435863303234897 0.48289753386004575
0.012464882943143813 2.4200055557480784 0.4811736822159983
0.012498327759197327 2.378852218753419 0.47962180050924524
0.012531772575250837 2.379219258909451 0.47895631094297825
0.01256521739130435 2.381285333143731 0.4773488636301968
0.01259866220735786 2.381665353054835 0.476007704094873
0.012632107023411374 2.368650261914422 0.4752187151443559
0.012665551839464884 2.3501323687324347 0.47396664063427585
0.012698996655518397 2.3689132920418094 0.4720109246968478
0.012732441471571907 2.3597365468702343 0.4715466152437575
0.01276588628762542 2.3497548419219068 0.4700101588855266
0.01279933110367893 2.341880422097542 0.46839800276419946
0.012832775919732444 2.3340990831949986 0.46767221085541855
0.012866220735785954 2.3181471862546243 0.4662944392338163
0.012899665551839468 2.337632583188285 0.46546542533275953
0.012933110367892978 2.335910084970225 0.4642157733376542
0.012966555183946491 2.3357321061598344 0.4628585054598404
0.013000000000000001 2.327677562326473 0.46125276488828065
