# t = 1
# W = 50
# L = 50
# alpha = 0.025
# xic = 2.5231325220201604
# plate_distance = 50.46265044040321
# E_dis = 0.031415926535897934
# E_img = 15.853309190424046
# ei = 0.37699111843077515
# ef = 0.12566370614359174
# Ne = 200
# iter_dis = 100
# Ncore = 6
Energies G0 GIMG
0.37699111843077515 0.9999909081661552 0.9998445051952096
0.37572816661023656 0.9999915186708513 0.9998671992838676
0.3744652147896979 0.9999774832101948 0.9998962861580349
0.3732022629691593 0.9999440196561974 0.9999285202567734
0.3719393111486207 0.9998850588356639 0.9999588689774104
0.37067635932808213 0.9997917660740143 0.9999797872314513
0.3694134075075435 0.9996474358046648 0.9999790023816185
0.3681504556870049 0.9993968982386829 0.9999271176597561
0.3668875038664663 0.9992383669352672 0.9997421179858643
0.36562455204592764 0.9993834307132587 0.9996809250099006
0.36436160022538905 0.9994959937474128 0.9996492021172043
0.36309864840485045 0.9995953474480271 0.9996427056268365
0.3618356965843118 0.9996846276865504 0.9996584470393185
0.3605727447637732 0.9997638971223911 0.9996924850319778
0.3593097929432346 0.9998324073963546 0.9997398186066894
0.358046841122696 0.9998893033537934 0.9997946752632719
0.3567838893021574 0.9999339159828918 0.9998509512562725
0.3555209374816188 0.9999659053535267 0.9999027199937961
0.3542579856610802 0.9999853327053718 0.9999447525154975
0.35299503384054154 0.99999269017946 0.9999729990689621
0.35173208202000295 0.9999888998842649 0.9999849827615273
0.35046913019946435 0.999975287885624 0.9999800603671832
0.34920617837892576 0.9999535365264022 0.9999595134312422
0.3479432265583871 0.9999256178949123 0.999926445385207
0.3466802747378485 0.9998937113677087 0.9998854772359889
0.3454173229173099 0.9998601085567692 0.999842254657383
0.34415437109677127 0.9998271094963732 0.9998028015259482
0.3428914192762327 0.9997969144002514 0.9997727771192197
0.3416284674556941 0.9997715157328181 0.9997567139056727
0.34036551563515544 0.9997525956190013 0.999757327366161
0.33910256381461684 0.9997414337266113 0.9997749957181451
0.33783961199407825 0.9997388306641115 0.9998075029915142
0.3365766601735396 0.9997450516233551 0.9998501213038584
0.335313708353001 0.9997597944467013 0.9998960760184932
0.3340507565324624 0.9997821855061579 0.9999373909265216
0.3327878047119238 0.999810805750873 0.9999660521365483
0.33152485289138517 0.9998437480247933 0.9999753643715098
0.3302619010708466 0.9998787053042036 0.9999613105248581
0.328998949250308 0.9999130878981001 0.9999236763639405
0.32773599742976933 0.9999441659484151 0.9998666810294445
0.32647304560923074 0.9999692318350208 0.9997988745446174
0.32521009378869215 0.9999857754181815 0.9997321375393005
0.32394714196815355 0.9999916635366339 0.9996797516636372
0.3226841901476149 0.9999853139277853 0.9996536980790655
0.3214212383270763 0.9999658528528247 0.9996615689066799
0.3201582865065377 0.9999332452914272 0.9997037081730625
0.31889533468599907 0.9998883866999327 0.9997713797387425
0.31763238286546047 0.999833146057606 0.9998468143394005
0.3163694310449219 0.9997703512787336 0.9999058266415046
0.3151064792243833 0.9997037100186266 0.9999232319114987
0.31384352740384464 0.9996376613719361 0.9998804891648921
0.31258057558330604 0.9995771568085772 0.9997739124693272
0.3113176237627674 0.9995273716836013 0.9996206562753241
0.3100546719422288 0.9994933514201914 0.999458969721051
0.3087917201216902 0.9994795983619277 0.9993396632135345
0.3075287683011516 0.9994896051002009 0.9993081124542437
0.306265816480613 0.9995253351221534 0.9993804389560815
0.30500286466007437 0.9995866350659872 0.9995218504626786
0.3037399128395358 0.9996705142446513 0.9996372885864887
0.3024769610189971 0.9997700709762938 0.9995872239664928
0.30121400919845853 0.9998722046915097 0.9992447299469784
0.29995105737791994 0.999948748296894 0.9985663831021911
0.29868810555738134 0.9998141086099671 0.9981369459989318
0.2974251537368427 0.9996334946209291 0.998759033463162
0.2961622019163041 0.9994786423343995 0.9990725782157356
0.2948992500957655 0.9993575616255651 0.999126269382324
0.29363629827522686 0.9992766674713903 0.9989613978380849
0.29237334645468827 0.9992387682301358 0.9988726814493291
0.29111039463414967 0.9992431688145236 0.9990119874885901
0.2898474428136111 0.9992860018662993 0.998947990159952
0.28858449099307243 0.9993606990569962 0.999069862198183
0.28732153917253384 0.9994585922820741 0.9990070045468928
0.2860585873519952 0.9995696265027636 0.9988918466845873
0.2847956355314566 0.9996831524071794 0.9990519762900085
0.283532683710918 0.999788755576328 0.9988931649886705
0.2822697318903794 0.9998770705519512 0.998917522464399
0.2810067800698408 0.9999405236728948 0.9990047519042785
0.27974382824930216 0.9999739483182678 0.9987327037360295
0.27848087642876357 0.9999750206849466 0.9990246620707476
0.2772179246082249 0.9999444735579192 0.9988143550758231
0.2759549727876863 0.9998860594266614 0.9988470150268198
0.27469202096714773 0.9998062520305888 0.9988822521890209
0.27342906914660914 0.999713695830082 0.9988419864256242
0.2721661173260705 0.999618434510811 0.9987011765552791
0.2709031655055319 0.9995309707506341 0.9985549030180769
0.2696402136849933 0.9994612283647307 0.9987798091271153
0.26837726186445465 0.9994175029187882 0.9986660813981895
0.26711431004391606 0.9994054964418002 0.9986811968462226
0.26585135822337747 0.9994275346630552 0.9985633890274602
0.26458840640283887 0.9994820601573196 0.9987451494786674
0.2633254545823002 0.999563481093404 0.9985345373436997
0.26206250276176163 0.9996624324964654 0.9984378783779547
0.26079955094122304 0.99976647514993 0.9985579465001316
0.2595365991206844 0.9998612173810154 0.9983733284080277
0.2582736473001458 0.9999317989976209 0.9983281147455845
0.2570106954796072 0.999964627914132 0.99833082876871
0.2557477436590686 0.9999492132507903 0.9983441342346475
0.25448479183852996 0.9998798997830972 0.9980879709967335
0.25322184001799136 0.9997572839319189 0.9980487870820661
0.2519588881974527 0.9995890869394501 0.9978243956547549
0.2506959363769141 0.9993902807719817 0.998023517360134
0.24943298455637553 0.999182308208227 0.9976029862061488
0.2481700327358369 0.9989913085563382 0.9974541363214147
0.2469070809152983 0.9988453485113432 0.9974256595092184
0.2456441290947597 0.9987707531946446 0.9967971320412626
0.2443811772742211 0.9987877177632015 0.9972501480455581
0.24311822545368247 0.9989054211144077 0.9958398898155176
0.24185527363314385 0.9991167737630708 0.9960490757715224
0.24059232181260526 0.9993924145978004 0.9951045935522371
0.23932936999206664 0.9996711741115251 0.993598562387398
0.23806641817152804 0.9998271032398499 0.9923294539440278
0.23680346635098942 0.9992410650740395 0.989658952494044
0.23554051453045083 0.9986392604120536 0.9916309238167038
0.2342775627099122 0.9981930162378143 0.9942579371631196
0.23301461088937359 0.9979489616835076 0.994020471683467
0.231751659068835 0.9979243646400088 0.9951185684730524
0.23048870724829637 0.998101436027773 0.9955285536596887
0.22922575542775778 0.9984321577177183 0.9956711076248179
0.22796280360721916 0.9988469843161117 0.9962951583980784
0.22669985178668053 0.9992663839263556 0.9962789947871116
0.22543689996614194 0.9996138944497813 0.9968279341884404
0.22417394814560332 0.9998289202461208 0.9965628736021461
0.22291099632506473 0.9998772490091844 0.9968379192019857
0.2216480445045261 0.999757361964002 0.9969942799595584
0.22038509268398748 0.9995011014798748 0.9965329035929259
0.2191221408634489 0.9991681177999789 0.9970560289995111
0.21785918904291027 0.9988346136988769 0.9965612421599704
0.21659623722237167 0.9985780476801912 0.9967219873798623
0.21533328540183305 0.9984604293971224 0.9962255918473507
0.21407033358129443 0.9985134565710526 0.9963087660467554
0.21280738176075584 0.998728853584611 0.9956292140424664
0.21154442994021722 0.9990567661451251 0.9959316627844377
0.21028147811967862 0.9994138673851112 0.9939071229896352
0.20901852629914 0.999700940730958 0.9942367510146545
0.20775557447860138 0.9998273002112692 0.9935273851539067
0.20649262265806279 0.9997369395350302 0.9925068174128387
0.20522967083752416 0.9994294973534905 0.9907949388661365
0.20396671901698557 0.9989688276083766 0.9897894474765904
0.20270376719644695 0.9984737913145604 0.9857895393929791
0.20144081537590833 0.9980899075666673 0.9827789855066941
0.20017786355536973 0.9979460949779642 0.982475182201058
0.1989149117348311 0.998106706898978 0.9766560085198814
0.19765195991429252 0.9985338566138449 0.970782517752969
0.1963890080937539 0.9990767883307302 0.9656242409281877
0.19512605627321528 0.9995016456294304 0.9607391332448618
0.19386310445267668 0.9995645644893772 0.9479932110415521
0.19260015263213806 0.9991136537983712 0.9311229270483485
0.19133720081159947 0.9981853734827966 0.9133908290044875
0.19007424899106085 0.9970470889455215 0.8894719581143482
0.18881129717052225 0.9961407609942462 0.8595237828442953
0.18754834534998363 0.9959092733116924 0.8398132076422988
0.186285393529445 0.9965351112845828 0.8179182251719607
0.18502244170890642 0.9976788523654694 0.7783915905942452
0.1837594898883678 0.9983318346568324 0.7312746685105695
0.1824965380678292 0.9965807792172869 0.6922881334293962
0.18123358624729058 0.992069521884722 0.6254714695986529
0.17997063442675196 0.9920190071470805 0.5831928223143388
0.17870768260621336 0.9941172221136406 0.5106189748497555
0.17744473078567474 0.9965902144457215 0.4098327822810017
0.17618177896513615 0.9976128563994786 0.3788353042243926
0.17491882714459753 0.9968568283804012 0.2583117288213805
0.1736558753240589 0.9954355223189844 0.210589273401821
0.1723929235035203 0.994912898517922 0.19128505536980517
0.1711299716829817 0.9958230492998102 0.11119113537360834
0.1698670198624431 0.996672314509957 0.08276155559826912
0.16860406804190448 0.9962783203791924 0.05345588889026624
0.16734111622136585 0.9960358679827155 0.04929972472722069
0.16607816440082726 0.9960867758205876 0.029335515900830538
0.16481521258028864 0.9953742667105229 0.015885741237459023
0.16355226075975005 0.996106713778538 0.011151293469675555
0.16228930893921142 0.994023019534377 0.0004674665358474745
0.1610263571186728 0.9893506400549588 0.000369177726982408
0.1597634052981342 0.9804142039413363 0.0002589034527835967
0.1585004534775956 0.9423093643393196 0.0001098780146037469
0.157237501657057 0.906186767209255 8.873178581083751e-06
0.15597454983651837 0.8132245578154428 3.836100918280422e-07
0.15471159801597978 0.6595947059094436 6.63039733529689e-08
0.15344864619544116 0.5655587835402065 1.2130650708922214e-07
0.15218569437490254 0.3997104440699772 2.3246449294963556e-09
0.15092274255436394 0.24508632153261414 6.848556702577782e-10
0.14965979073382532 0.11295069462919274 5.832807579411459e-11
0.14839683891328673 0.034676190507680664 1.4641232556921165e-11
0.1471338870927481 0.019995883395147098 4.681377591539682e-12
0.14587093527220948 0.010282183614706552 1.723712110183637e-12
0.1446079834516709 0.00028125428144790517 7.009203625435373e-13
0.14334503163113227 0.00043849461181025105 3.072052326024814e-13
0.14208207981059368 1.049779919812432e-05 1.4279886635051243e-13
0.14081912799005505 2.8308608806330053e-06 6.95846038728435e-14
0.13955617616951643 2.835287541640367e-07 3.523167153727667e-14
0.13829322434897784 2.7569545618978516e-08 1.839934904127959e-14
0.13703027252843922 3.7535427370218114e-10 9.843754555275613e-15
0.13576732070790062 2.8638228756591317e-10 5.351721054524114e-15
0.134504368887362 4.932580359429879e-13 2.90622197581357e-15
0.13324141706682338 5.930786876679457e-14 1.3772051039536482e-15
0.1319784652462848 1.4812488929911332e-14 7.6053742272520125e-16
0.13071551342574617 2.856520574650196e-15 4.4047760546610936e-16
0.12945256160520757 9.707383842255086e-16 2.625244243199373e-16
0.12818960978466895 3.816832741300372e-16 1.599742988393203e-16
0.12692665796413033 1.4943182666842993e-16 9.931332392421292e-17
0.12566370614359174 6.804687632593168e-17 6.265956773162113e-17
