# t = 1
# W = 50
# L = 50
# alpha = 0.025
# xic = 2.5231325220201604
# plate_distance = 50.46265044040321
# E_dis = 0.031415926535897934
# E_img = 110.97316433296832
# ei = 0.37699111843077515
# ef = 0.12566370614359174
# Ne = 200
# iter_dis = 100
# Ncore = 6
Energies G0 GIMG
0.37699111843077515 0.99999349430176 0.9988065053001202
0.37572816661023656 0.9999888539929497 0.9982485644004562
0.3744652147896979 0.9999685529523907 0.9975837092696807
0.3732022629691593 0.9999280013338181 0.9968743855435233
0.3719393111486207 0.9998614376867637 0.9961922636733311
0.37067635932808213 0.9997604925995436 0.9956081024887175
0.3694134075075435 0.9996091864194793 0.9951771583146545
0.3681504556870049 0.9993537810040296 0.994897031544944
0.3668875038664663 0.9992249159505588 0.9953136277538008
0.36562455204592764 0.9993876299093042 0.9963115951817307
0.36436160022538905 0.9995100416784296 0.9972668880945587
0.36309864840485045 0.9996151282049803 0.9980993902043235
0.3618356965843118 0.9997071887747881 0.9987088629277437
0.3605727447637732 0.9997869205091977 0.9990144174630596
0.3593097929432346 0.999854038582317 0.9989698309398423
0.358046841122696 0.9999080875749293 0.9985715004221427
0.3567838893021574 0.999948772199495 0.9978602279563058
0.3555209374816188 0.9999761124727865 0.9969170137510858
0.3542579856610802 0.999990516773524 0.9958534794957546
0.35299503384054154 0.9999928070270375 0.9947981780577116
0.35173208202000295 0.9999842104732884 0.9938805492849984
0.35046913019946435 0.9999663251849453 0.9932145337350692
0.34920617837892576 0.9999410637914308 0.9928838385756746
0.3479432265583871 0.9999105790148337 0.9929306095870319
0.3466802747378485 0.9998771745754956 0.9933488710334786
0.3454173229173099 0.9998432053168792 0.9940836089739812
0.34415437109677127 0.9998109708044793 0.9950358214188177
0.3428914192762327 0.9997826070469816 0.9960732478863118
0.3416284674556941 0.9997599812920385 0.9970458336586165
0.34036551563515544 0.9997445950113243 0.9978043242917118
0.33910256381461684 0.999737500171828 0.9982198117170852
0.33783961199407825 0.9997392336651311 0.9982016873976093
0.3365766601735396 0.9997497743146481 0.9977114276459713
0.335313708353001 0.9997685261923922 0.9967700281567484
0.3340507565324624 0.9997943310503093 0.9954577186371479
0.3327878047119238 0.999825511516175 0.9939057074968995
0.33152485289138517 0.9998599453416098 0.9922809102787002
0.3302619010708466 0.9998951694548407 0.9907656438403684
0.328998949250308 0.9999285109132866 0.9895349169140106
0.32773599742976933 0.9999572401358412 0.9887341430342529
0.32647304560923074 0.9999787401021556 0.9884599102152822
0.32521009378869215 0.9999906836290713 0.9887460081298911
0.32394714196815355 0.9999912094744424 0.9895563717597798
0.3226841901476149 0.9999790869813294 0.9907860090193986
0.3214212383270763 0.999953858361885 0.9922703140785937
0.3201582865065377 0.9999159476188668 0.9938023655499463
0.31889533468599907 0.9998667255803008 0.9951568401907944
0.31763238286546047 0.9998085216152288 0.9961181044044974
0.3163694310449219 0.9997445743019425 0.996509061820288
0.3151064792243833 0.9996789155841384 0.9962167067604621
0.31384352740384464 0.9996161856677059 0.9952103370219999
0.31258057558330604 0.9995613789052358 0.9935491834779027
0.3113176237627674 0.9995195239127762 0.9913777693206729
0.3100546719422288 0.9994953037276971 0.9889093063405819
0.3087917201216902 0.9994926231906255 0.9863993730054845
0.3075287683011516 0.9995141294337905 0.9841135137643715
0.306265816480613 0.9995606840439999 0.9822929808952618
0.30500286466007437 0.9996307634756492 0.9811226208037856
0.3037399128395358 0.9997197011918147 0.9807040152141256
0.3024769610189971 0.9998184817992655 0.9810351365499898
0.30121400919845853 0.9999109500471289 0.9819917753298797
0.29995105737791994 0.9999621740175486 0.9832598565118783
0.29868810555738134 0.9997517567440316 0.9843528515177205
0.2974251537368427 0.9995576856370432 0.9873664325181889
0.2961622019163041 0.999404858110559 0.989560672131707
0.2948992500957655 0.9992942636163575 0.9902689759578739
0.29363629827522686 0.9992290818751007 0.9890977466052052
0.29237334645468827 0.9992096567317416 0.9859679049964231
0.29111039463414967 0.999233170354897 0.981130294709633
0.2898474428136111 0.9992939100094067 0.9751272776196326
0.28858449099307243 0.9993837679834373 0.9687045715313176
0.28732153917253384 0.9994928950328487 0.9626914559035983
0.2860585873519952 0.9996104626858832 0.9578722306607435
0.2847956355314566 0.9997254892131658 0.9548686380407155
0.283532683710918 0.9998276780334592 0.9540461778219547
0.2822697318903794 0.9999082123571402 0.955451626394019
0.2810067800698408 0.999960448142028 0.9587870799515358
0.27974382824930216 0.9999804499726389 0.9634269088627031
0.27848087642876357 0.999967321742761 0.9684849870718536
0.2772179246082249 0.9999232960104699 0.9729357205966579
0.2759549727876863 0.9998535621037443 0.9757801625580178
0.27469202096714773 0.9997658325161654 0.9762302106762513
0.27342906914660914 0.9996696684889795 0.9738696603778062
0.2721661173260705 0.9995756073078008 0.9687515012329811
0.2709031655055319 0.9994941540151069 0.9614072359179062
0.2696402136849933 0.9994347172449274 0.9527672735227665
0.26837726186445465 0.9994045811463264 0.9440119466636334
0.26711431004391606 0.9994080114917078 0.9363844584615116
0.26585135822337747 0.999445592894223 0.9309974159586346
0.26458840640283887 0.9995138846520841 0.9286556413394117
0.2633254545823002 0.9996054644587142 0.9297067497439713
0.26206250276176163 0.9997094018593641 0.9339266567975856
0.26079955094122304 0.9998121673520738 0.940456441615439
0.2595365991206844 0.9998989398342517 0.9478267549378719
0.2582736473001458 0.9999552273441232 0.9541186624544786
0.2570106954796072 0.9999686678073976 0.95729107676627
0.2557477436590686 0.9999308331606978 0.9556426723504136
0.25448479183852996 0.9998388280339126 0.9482910308151346
0.25322184001799136 0.9996964594152142 0.9354967046452525
0.2519588881974527 0.9995147616026434 0.9186860490240689
0.2506959363769141 0.9993116942453083 0.9001423853369037
0.24943298455637553 0.999110890219094 0.882484165563986
0.2481700327358369 0.9989394106160885 0.8681260452575901
0.2469070809152983 0.9988245585236825 0.8588610427210243
0.2456441290947597 0.9987898993178622 0.8555838037194017
0.2443811772742211 0.9988507131069813 0.8581386709979385
0.24311822545368247 0.9990091253618081 0.8653352485577629
0.24185527363314385 0.9992490203474031 0.8751553515454211
0.24059232181260526 0.9995301694220095 0.884992763168052
0.23932936999206664 0.9997779631331435 0.8918000320705262
0.23806641817152804 0.9998430839873105 0.8925470651468772
0.23680346635098942 0.9990138756125954 0.8843177993639184
0.23554051453045083 0.9983892425569404 0.8653697381652222
0.2342775627099122 0.9979849144974535 0.8377073312624467
0.23301461088937359 0.9978167667581817 0.8065955117860047
0.231751659068835 0.997881283221274 0.7782182139295498
0.23048870724829637 0.9981426632581439 0.7576954811460047
0.22922575542775778 0.9985381222688952 0.7477454904930927
0.22796280360721916 0.9989879357677358 0.7474581009216157
0.22669985178668053 0.9994081331333671 0.7529073311262896
0.22543689996614194 0.9997240749174564 0.760323943179324
0.22417394814560332 0.9998828875471171 0.7656836709684091
0.22291099632506473 0.9998626486809549 0.7618609313978293
0.2216480445045261 0.9996765022363244 0.740398764565636
0.22038509268398748 0.9993705727838746 0.7018459332036744
0.2191221408634489 0.9990155661487317 0.6591697210765978
0.21785918904291027 0.9986931143754247 0.6229776758078822
0.21659623722237167 0.9984790320488162 0.5995325776744451
0.21533328540183305 0.9984264918792837 0.5889603768659688
0.21407033358129443 0.9985525386671759 0.5823489381371025
0.21280738176075584 0.9988312217601439 0.5670153055020455
0.21154442994021722 0.999195840310187 0.5461624705226512
0.21028147811967862 0.9995513004581761 0.5190745220805305
0.20901852629914 0.9997954225398252 0.4772615569326253
0.20775557447860138 0.9998454797596096 0.4342055257212149
0.20649262265806279 0.9996638826068348 0.40928087880194813
0.20522967083752416 0.9992755850442194 0.3827469618540627
0.20396671901698557 0.9987703049285609 0.3420129433254819
0.20270376719644695 0.9982854489635472 0.2949287398978879
0.20144081537590833 0.9979704603559884 0.28482629738519716
0.20017786355536973 0.9979392466783322 0.2875788522763109
0.1989149117348311 0.9982230533463989 0.2109048850001834
0.19765195991429252 0.9987400421869104 0.16669880123873757
0.1963890080937539 0.9992980280495782 0.12733452745301774
0.19512605627321528 0.9996411350579827 0.10065519779156734
0.19386310445267668 0.9995379629228545 0.06217707857865997
0.19260015263213806 0.9988893848939169 0.04556543885874569
0.19133720081159947 0.9978145284723619 0.031825946362249634
0.19007424899106085 0.9966644396814079 0.021722875149471615
0.18881129717052225 0.995924455027552 0.012845518642377918
0.18754834534998363 0.9960016152921981 0.005382265540583855
0.186285393529445 0.9969467409718515 0.00026224398299499796
0.18502244170890642 0.9982167444433067 0.0006109797428179305
0.1837594898883678 0.998595791939024 5.656408947713005e-05
0.1824965380678292 0.9960048153189435 8.311226691633903e-06
0.18123358624729058 0.9909098287403396 4.629433146210015e-06
0.17997063442675196 0.9915723906170746 1.7733633070798358e-06
0.17870768260621336 0.9944366846583654 4.522198381462169e-07
0.17744473078567474 0.9972532251277957 1.6109601801176824e-07
0.17618177896513615 0.9980230049504769 6.792172473669262e-08
0.17491882714459753 0.996537124607533 3.1352835624773494e-08
0.1736558753240589 0.9945900807488933 1.5341241568060167e-08
0.1723929235035203 0.9943153874727277 7.831366693496068e-09
0.1711299716829817 0.9960326422945844 4.1327429145063305e-09
0.1698670198624431 0.9972381153914899 2.241390568677721e-09
0.16860406804190448 0.996653828935924 1.2442402503490792e-09
0.16734111622136585 0.9954297188863948 7.048403152945789e-10
0.16607816440082726 0.9954681072050451 4.0650608919604474e-10
0.16481521258028864 0.9957187508870408 2.382463251816225e-10
0.16355226075975005 0.9935381611476818 1.416791725155455e-10
0.16228930893921142 0.9945753197092544 8.53790696560799e-11
0.1610263571186728 0.9928176295723732 5.208216643110072e-11
0.1597634052981342 0.9826427752330302 3.21298872480218e-11
0.1585004534775956 0.9646529057358157 2.002870571845267e-11
0.157237501657057 0.9137492046839203 1.2606716284683289e-11
0.15597454983651837 0.8297121457511734 8.007035675948591e-12
0.15471159801597978 0.7034672030882969 5.128672872719078e-12
0.15344864619544116 0.5115297754891014 3.3110606603023526e-12
0.15218569437490254 0.3941184411046241 2.1534874127661462e-12
0.15092274255436394 0.2598213302828204 1.4103601650700743e-12
0.14965979073382532 0.12241215975671409 9.296978929510055e-13
0.14839683891328673 0.04932457750561905 6.165931078160057e-13
0.1471338870927481 0.037727879037390465 4.1127060557791183e-13
0.14587093527220948 0.0025615867980370507 2.757776436671484e-13
0.1446079834516709 0.013449252969419885 1.8583267295434439e-13
0.14334503163113227 5.596725149480014e-05 1.2578815593299437e-13
0.14208207981059368 6.757743646884478e-06 8.549114854736113e-14
0.14081912799005505 9.265973637997687e-07 5.831078104020098e-14
0.13955617616951643 1.7167993492722642e-08 3.988930714615784e-14
0.13829322434897784 7.547690407228267e-10 2.7345324925678395e-14
0.13703027252843922 2.286249234996282e-11 1.876133621544727e-14
0.13576732070790062 6.259140632676446e-13 1.2849607641825842e-14
0.134504368887362 8.666851992190666e-14 8.715162897365603e-15
0.13324141706682338 1.1739163089743497e-14 5.576100734520827e-15
0.1319784652462848 3.612170597734386e-15 3.840412770498161e-15
0.13071551342574617 1.3813851232049774e-15 2.6821447008436443e-15
0.12945256160520757 5.528047921786543e-16 1.8878069531626376e-15
0.12818960978466895 2.1502144451253623e-16 1.336564632554571e-15
0.12692665796413033 8.305486105209792e-17 9.509883298695824e-16
0.12566370614359174 3.5289274431626405e-17 6.79614637384123e-16
