# t = 1
# W = 50
# L = 50
# alpha = 0.025
# xic = 2.5231325220201604
# plate_distance = 50.46265044040321
# E_dis = 0.031415926535897934
# E_img = 126.82647352339237
# ei = 0.37699111843077515
# ef = 0.12566370614359174
# Ne = 200
# iter_dis = 100
# Ncore = 6
Energies G0 GIMG
0.37699111843077515 0.9999925138351451 0.999339073466096
0.37572816661023656 0.9999894022154118 0.9991899127742359
0.3744652147896979 0.9999711048436306 0.9988234274680415
0.3732022629691593 0.9999330358925093 0.9982410485006411
0.3719393111486207 0.9998694202676807 0.9974612905613227
0.37067635932808213 0.9997718617645325 0.9965154616909703
0.3694134075075435 0.9996243689323607 0.9954348511826899
0.3681504556870049 0.9993734265580411 0.9941904214757451
0.3668875038664663 0.9992371142870268 0.992733715866492
0.36562455204592764 0.999392805510947 0.9923169741505452
0.36436160022538905 0.9995110592889529 0.9923168868878003
0.36309864840485045 0.9996134207387977 0.992695487913848
0.3618356965843118 0.9997037605800226 0.9933945988271294
0.3605727447637732 0.9997825589796304 0.9943275578832962
0.3593097929432346 0.9998493844385403 0.9953844166782273
0.358046841122696 0.9999036623881001 0.9964415259719508
0.3567838893021574 0.9999449900487972 0.9973734574673596
0.3555209374816188 0.9999732854938335 0.9980658359168549
0.3542579856610802 0.999988858838699 0.9984276460767588
0.35299503384054154 0.9999924376337403 0.9984015604420245
0.35173208202000295 0.9999851599193037 0.9979709654871002
0.35046913019946435 0.9999685415781858 0.9971626941851689
0.34920617837892576 0.9999444221140147 0.9960449806247681
0.3479432265583871 0.9999148922331313 0.9947207618884785
0.3466802747378485 0.9998822066130792 0.9933170516016003
0.3454173229173099 0.9998486855663234 0.9919715869854072
0.34415437109677127 0.9998166097388445 0.9908182303687497
0.3428914192762327 0.9997881123996701 0.9899726671168063
0.3416284674556941 0.9997650742047767 0.9895198198223932
0.34036551563515544 0.9997490255054168 0.9895041602445226
0.33910256381461684 0.9997410612791411 0.9899238127830935
0.33783961199407825 0.9997417735641583 0.9907290473277541
0.3365766601735396 0.9997512058546372 0.9918254605774716
0.335313708353001 0.9997688332563053 0.9930818214196548
0.3340507565324624 0.999793571304739 0.9943421789830055
0.3327878047119238 0.9998238152237929 0.9954413903639783
0.33152485289138517 0.999857510066512 0.9962227442093595
0.3302619010708466 0.9998922506712459 0.9965559061385356
0.328998949250308 0.9999254087278143 0.9963530994017028
0.32773599742976933 0.9999542825473035 0.995581378935902
0.32647304560923074 0.9999762634411856 0.9942691509658473
0.32521009378869215 0.999989011032751 0.9925057502531714
0.32394714196815355 0.9999906284462758 0.9904338225414685
0.3226841901476149 0.9999798272509266 0.9882352814342763
0.3214212383270763 0.9999560713784021 0.9861124871918275
0.3201582865065377 0.9999196890751532 0.9842668456960808
0.31889533468599907 0.9998719423600988 0.982877179909327
0.31763238286546047 0.9998150444774438 0.9820800438266538
0.3163694310449219 0.999752117461035 0.9819537748531592
0.3151064792243833 0.9996870841178757 0.9825076666154865
0.31384352740384464 0.9996244913924847 0.9836772804553147
0.31258057558330604 0.999569265021946 0.9853265971504738
0.3113176237627674 0.9995263983689537 0.9872573604840941
0.3100546719422288 0.9995005809037705 0.9892254761247165
0.3087917201216902 0.9994957732626997 0.9909636374596914
0.3075287683011516 0.9995147347073845 0.9922084755875088
0.306265816480613 0.9995585019353035 0.9927295908372424
0.30500286466007437 0.9996257972340613 0.9923570045676688
0.3037399128395358 0.9997122836313157 0.9910030774896141
0.3024769610189971 0.9998093903361329 0.9886749092195245
0.30121400919845853 0.9999016224418458 0.9854735042817943
0.29995105737791994 0.9999554345538049 0.9815756531462149
0.29868810555738134 0.9997602093701122 0.975451465025417
0.2974251537368427 0.9995722100513945 0.9687094041324873
0.2961622019163041 0.9994219239643604 0.9628987086844712
0.2948992500957655 0.9993117964616001 0.958416321379348
0.29363629827522686 0.999245547086878 0.9556777802217102
0.29237334645468827 0.9992239135320541 0.954922823223769
0.29111039463414967 0.9992444373378611 0.9561598044649064
0.2898474428136111 0.9993017525359084 0.9591459865147988
0.28858449099307243 0.999388083343122 0.963395924424565
0.28732153917253384 0.9994938869832571 0.9682195858437086
0.2860585873519952 0.9996086025608049 0.9727926802814145
0.2847956355314566 0.9997214635532103 0.9762580819062701
0.283532683710918 0.9998223244843776 0.9778498278494907
0.2822697318903794 0.9999024469434462 0.9770216455556975
0.2810067800698408 0.9999551880900204 0.9735540183409744
0.27974382824930216 0.9999765370210377 0.9676124639846776
0.27848087642876357 0.999965451285494 0.9597384747998821
0.2772179246082249 0.9999239574076549 0.950772123570828
0.2759549727876863 0.9998569950411272 0.9417248005781821
0.27469202096714773 0.9997720033975523 0.9336323592692519
0.27342906914660914 0.9996782695617427 0.9274169091240596
0.2721661173260705 0.9995860796383853 0.9237725658824882
0.2709031655055319 0.999505733664107 0.9230771146501517
0.2696402136849933 0.9994465021629194 0.9253267083747763
0.26837726186445465 0.9994156145385337 0.9300959759781944
0.26711431004391606 0.9994173757828148 0.9365371121532926
0.26585135822337747 0.9994525070527496 0.9434413417577272
0.26458840640283887 0.9995177965912636 0.9493840765548588
0.2633254545823002 0.9996061296162756 0.9529517947247377
0.26206250276176163 0.9997069389948866 0.9530088653424762
0.26079955094122304 0.9998070832370751 0.9489318688072248
0.2595365991206844 0.9998921160028295 0.9407452990324355
0.2582736473001458 0.9999478645413312 0.9291334760188766
0.2570106954796072 0.9999621872453707 0.9153440699074668
0.2557477436590686 0.9999267380414784 0.9010111440248546
0.25448479183852996 0.9998385337046455 0.8879206987695933
0.25322184001799136 0.999701105485896 0.8777436410698913
0.2519588881974527 0.9995250237672679 0.8717680978613987
0.2506959363769141 0.9993276168034008 0.8706632835854113
0.24943298455637553 0.999131761948872 0.8743061589635597
0.2481700327358369 0.9989637065202487 0.8817037942906026
0.2469070809152983 0.998849968168587 0.891039109886684
0.2456441290947597 0.9988134593691548 0.8998588526811951
0.2443811772742211 0.998869057728892 0.9054389129052527
0.24311822545368247 0.9990188641235075 0.9053658993676112
0.24185527363314385 0.9992472509741589 0.89822547609099
0.24059232181260526 0.9995151388036634 0.8840689282105354
0.23932936999206664 0.9997499346016502 0.8644209669716986
0.23806641817152804 0.9998057560643544 0.8419874550316327
0.23680346635098942 0.9990052262847602 0.8156857360381852
0.23554051453045083 0.9984139966842192 0.7873847857242328
0.2342775627099122 0.9980303170377515 0.7653656508239511
0.23301461088937359 0.9978724455752684 0.7515592273061849
0.231751659068835 0.9979374002548731 0.7465760621536657
0.23048870724829637 0.9981905758461437 0.7497612658334394
0.22922575542775778 0.998571310560486 0.7600895647064113
0.22796280360721916 0.9990028091179559 0.774013157889207
0.22669985178668053 0.9994045130174121 0.7826772599093599
0.22543689996614194 0.9997052128344507 0.7753277935456456
0.22417394814560332 0.9998549437868218 0.7474253882833882
0.22291099632506473 0.9998336493736876 0.7047260970962285
0.2216480445045261 0.9996548966026052 0.6584658478221509
0.22038509268398748 0.9993636070191414 0.6195438268326601
0.2191221408634489 0.9990277521986474 0.5950191321423378
0.21785918904291027 0.9987250877280959 0.5847064618924942
0.21659623722237167 0.9985270612416646 0.585152985294223
0.21533328540183305 0.9984828287022858 0.5922803735772767
0.21407033358129443 0.9986066846262311 0.5894248335444898
0.21280738176075584 0.9988720298401164 0.5763037892307273
0.21154442994021722 0.9992141704434607 0.5450209189338537
0.21028147811967862 0.9995427229268821 0.4894882682710372
0.20901852629914 0.9997622755364978 0.43499483194992833
0.20775557447860138 0.9997975307679104 0.3983076851717661
0.20649262265806279 0.9996170114647949 0.3512154126590777
0.20522967083752416 0.9992483318798517 0.33946918532073156
0.20396671901698557 0.9987787397860769 0.3498956450705012
0.20270376719644695 0.9983374693190897 0.3114555225474361
0.20144081537590833 0.9980611381025889 0.253215696304799
0.20017786355536973 0.9980490889631416 0.22540859400483199
0.1989149117348311 0.9983208705579301 0.2030823226862238
0.19765195991429252 0.9987913078204289 0.13154747677737355
0.1963890080937539 0.9992779053530071 0.08500486317718613
0.19512605627321528 0.9995487576654492 0.0699969017315571
0.19386310445267668 0.9994058953730477 0.05116451555791592
0.19260015263213806 0.9987811462648105 0.02264586596975115
0.19133720081159947 0.9978053833786626 0.01299706895289051
0.19007424899106085 0.9968067623776203 0.004596372601406254
0.18881129717052225 0.996207513227501 0.0034783933749251783
0.18754834534998363 0.9963246179370836 0.0014255634819658582
0.186285393529445 0.997131009688086 0.00020951890919719237
0.18502244170890642 0.9980816514441856 8.251791526735131e-05
0.1837594898883678 0.9981025600016384 2.787191179008242e-05
0.1824965380678292 0.9954448599222613 5.569510480492759e-05
0.18123358624729058 0.9914183672723013 5.801196713037116e-05
0.17997063442675196 0.992433731724858 3.042512800383798e-06
0.17870768260621336 0.9949303759250968 6.688161610964357e-07
0.17744473078567474 0.9970426348406358 2.2218783965762045e-07
0.17618177896513615 0.9973972819324239 8.944793325300161e-08
0.17491882714459753 0.9961752087287513 4.0199371877002056e-08
0.1736558753240589 0.9949652766883631 1.9410402048412845e-08
0.1723929235035203 0.9951401097139483 9.864533821121564e-09
0.1711299716829817 0.9962332381480383 5.212266922976895e-09
0.1698670198624431 0.9967265835965554 2.840949405859993e-09
0.16860406804190448 0.9963146712871983 1.5887149765947198e-09
0.16734111622136585 0.9957003159269668 9.080089325933234e-10
0.16607816440082726 0.9960152882295172 5.288519796845184e-10
0.16481521258028864 0.9954462622672697 3.131844914110519e-10
0.16355226075975005 0.9957121170178392 1.8823880913457434e-10
0.16228930893921142 0.9954458770838772 1.1466343213346067e-10
0.1610263571186728 0.9911246971372536 7.069977706377876e-11
0.1597634052981342 0.9906914035693682 4.407982896384071e-11
0.1585004534775956 0.9762024759373391 2.776544826587374e-11
0.157237501657057 0.9130700207986275 1.7655340447833963e-11
0.15597454983651837 0.8146191437945574 1.1325499605167251e-11
0.15471159801597978 0.7421931116506677 7.32459615503211e-12
0.15344864619544116 0.5742983814837372 4.773271535086927e-12
0.15218569437490254 0.3811193873377862 3.132830460457609e-12
0.15092274255436394 0.18819748230406233 2.0698796089925097e-12
0.14965979073382532 0.15646002540629272 1.376110496494296e-12
0.14839683891328673 0.04816909119323592 9.202044329909052e-13
0.1471338870927481 0.024227866227939425 6.186825279064591e-13
0.14587093527220948 0.011034000803282705 4.180585691699032e-13
0.1446079834516709 0.0019686654544290626 2.83808116830447e-13
0.14334503163113227 0.0006481542834196719 1.934895999583101e-13
0.14208207981059368 2.0032274154576144e-05 1.3241848240475662e-13
0.14081912799005505 4.6434958501777703e-07 9.09252687383748e-14
0.13955617616951643 1.2936445102112735e-07 6.260425962559569e-14
0.13829322434897784 2.485830335580499e-07 4.318678744831296e-14
0.13703027252843922 1.1042953005848687e-10 2.98103892653109e-14
0.13576732070790062 4.005665571120705e-12 2.053791492638513e-14
0.134504368887362 3.0651213319445756e-13 1.4010692089461178e-14
0.13324141706682338 1.363234426439515e-14 9.023340131070245e-15
0.1319784652462848 1.2885131587872228e-14 6.250450663963866e-15
0.13071551342574617 1.2615525856684397e-14 4.3887671444589e-15
0.12945256160520757 3.1607934635480526e-15 3.1047677256413587e-15
0.12818960978466895 6.505164865893299e-16 2.208892679677255e-15
0.12692665796413033 1.9261183679115375e-16 1.5790083017481902e-15
0.12566370614359174 7.0042447982631e-17 1.1334814797432354e-15
