# t = 1
# W = 80
# L = 80
# alpha = 0.025
# xic = 2.5231325220201604
# plate_distance = 75.6939756606048
# E_dis = 0.0031415926535897933
# E_img = 95.11985514254427
# ei = 0.0
# ef = 0.47123889803846897
# Ne = 200
# iter_dis = 4
# Ncore = 6
Energies G0 GIMG
0.0 0.0 0.0
0.0023680346635098944 4.225909789924024e-51 0.0019214211252836062
0.004736069327019789 4.165227302028602e-51 0.0013457926035731536
0.007104103990529683 4.972313916540272e-48 0.08487277865288312
0.009472138654039577 1.6129631414879817e-47 0.04519563282681556
0.011840173317549472 3.746950470693259e-47 0.3645835896966092
0.014208207981059366 2.4250808700524546e-46 0.1914310838286218
0.01657624264456926 7.818224583398877e-46 0.9041281974249563
0.018944277308079155 1.766588820071978e-45 0.37303244853010253
0.02131231197158905 3.6840690970132735e-45 0.9930330173828881
0.023680346635098944 7.49410706028014e-45 0.4808281227306224
0.026048381298608838 3.0154464973503234e-44 0.9712127466055839
0.028416415962118732 6.917669279333106e-44 0.7816871988669938
0.030784450625628627 1.4369389381596381e-43 0.8947727807544983
0.03315248528913852 2.853408678310116e-43 0.9233325949853535
0.03552051995264842 5.497020067203059e-43 0.8533863911254603
0.03788855461615831 1.2162136041040319e-42 0.9667971608613681
0.0402565892796682 3.257034973819201e-42 0.904885453331812
0.0426246239431781 7.006816665380884e-42 0.9989796227436802
0.044992658606687996 1.4046399073523573e-41 0.9512416538764089
0.04736069327019789 2.68870710183139e-41 0.9885644946459899
0.04972872793370778 4.961756028169516e-41 0.984196696026705
0.052096762597217676 8.883685145470635e-41 0.9733039412534936
0.054464797260727574 1.9845589632472462e-40 0.9944491678530498
0.056832831924237465 5.333355646422036e-40 0.9715458915081946
0.059200866587747356 1.114089980491565e-39 0.9989812653058568
0.06156890125125725 2.1569914997964673e-39 0.9853244814186357
0.06393693591476715 4.042424549678758e-39 0.9991439680694385
0.06630497057827704 7.557395667706666e-39 0.9950416001666514
0.06867300524178693 1.4458620901687018e-38 0.9984210478411221
0.07104103990529684 2.884136883174301e-38 0.9997144221566564
0.07340907456880673 6.218187475878159e-38 0.9977483161476209
0.07577710923231662 1.7340461826931948e-37 0.9990390159700323
0.07814514389582651 3.7016496018082215e-37 0.9944797266046893
0.0805131785593364 7.960797049150829e-37 0.9991596718010247
0.0828812132228463 1.7029911871134226e-36 0.996557757908921
0.0852492478863562 3.5096476137323616e-36 0.9993252264448507
0.08761728254986609 6.821721624395289e-36 0.9980966938942115
0.08998531721337599 1.260022486643127e-35 0.999775867378474
0.09235335187688588 2.386377714309623e-35 0.9990116635922657
0.09472138654039577 5.743891384219429e-35 0.9996935587579068
0.09708942120390567 2.5717318799055895e-34 0.999462410443905
0.09945745586741556 4.68493689955333e-34 0.9999058982252675
0.10182549053092546 9.846489052024268e-34 0.9989794636085262
0.10419352519443535 2.5692620448161802e-33 0.999957093221068
0.10656155985794524 6.502350999810046e-33 0.998887107360628
0.10892959452145515 1.329099172293216e-32 0.9999344246643331
0.11129762918496504 2.2475533533956358e-32 0.9988862265596843
0.11366566384847493 5.930968149221213e-32 0.9998294832964446
0.11603369851198482 2.7782823531960897e-31 0.9989413236238546
0.11840173317549471 6.6312959018847856e-31 0.9991879741301535
0.12076976783900462 2.270180655155688e-30 0.9995537248919841
0.1231378025025145 1.0151942335895698e-29 0.998888207107468
0.1255058371660244 1.0207282828429441e-29 0.9995780123013789
0.1278738718295343 4.405324540948458e-29 0.9998611105098041
0.13024190649304418 2.160733708706308e-28 0.999524527126405
0.13260994115655408 1.986215701794557e-28 0.9999919556137401
0.134977975820064 5.002252416732274e-27 0.9994854000878282
0.13734601048357387 9.732580394790799e-27 0.9999609039683293
0.13971404514708377 3.1847908653083257e-26 0.9994350185976795
0.14208207981059368 4.502564112445006e-25 0.9997659580824351
0.14445011447410355 4.053846995507999e-24 0.999411267631491
0.14681814913761346 3.274673870295615e-23 0.9988786211985514
0.14918618380112333 2.8022215437445472e-22 0.9999229424323745
0.15155421846463324 1.2386338621416978e-20 0.9988793883104573
0.15392225312814314 3.865859340228421e-08 0.9994523580842125
0.15629028779165302 0.9973771684809248 0.9997983371224948
0.15865832245516293 0.9970245985522412 0.9994644497310997
0.1610263571186728 0.9995940079880989 0.9999788858371872
0.1633943917821827 0.9998403488159813 0.9994937368914589
0.1657624264456926 0.9990299946412537 0.9999794250961539
0.1681304611092025 0.9978576435559897 0.9995276018334681
0.1704984957727124 0.999670286167593 0.9998301967591856
0.1728665304362223 0.9985513972470902 0.9996065253043893
0.17523456509973218 0.9989667331280047 0.9993373188368444
0.17760259976324208 0.9983896310327 0.9998484992408447
0.17997063442675199 0.9980289863935267 0.9967760685324968
0.18233866909026186 0.9989243919860478 0.9990508102285641
0.18470670375377177 0.9995906368077673 0.9998525922464151
0.18707473841728164 0.9987637720423562 0.9992611829080753
0.18944277308079155 0.999912406320683 0.9999965525393588
0.19181080774430145 0.9995335512512553 0.9994904762914849
0.19417884240781133 0.9992161428732467 0.9998951868390911
0.19654687707132124 0.9999194619914269 0.9997016358915856
0.1989149117348311 0.9997333788769616 0.9996994304318112
0.20128294639834102 0.9992560208763008 0.9998944278610347
0.20365098106185092 0.9997128812819012 0.9994417106744137
0.2060190157253608 0.9999563981211855 0.9999981515668525
0.2083870503888707 0.9992809843711352 0.9991922426879641
0.2107550850523806 0.9991265927884576 0.999593773335244
0.21312311971589049 0.9999438090228137 0.9994080927067321
0.2154911543794004 0.9992764669185966 0.998559377326336
0.2178591890429103 0.9993006230203711 0.9995749115136731
0.22022722370642017 0.9998360334661323 0.9997849563702432
0.22259525836993008 0.9999819051819886 0.999433477291605
0.22496329303343995 0.9997296956847621 0.9999950039443626
0.22733132769694986 0.999613638037875 0.9995619152867956
0.22969936236045976 0.9998066293903684 0.9998635922176463
0.23206739702396964 0.9999930527549281 0.9998060666544508
0.23443543168747955 0.9999128652278432 0.999621411726749
0.23680346635098942 0.999706323299353 0.9999871689739495
0.23917150101449933 0.9996761144299324 0.9994798506945755
0.24153953567800923 0.999867200978638 0.999858572782682
0.2439075703415191 0.9999995647099789 0.9996456075850061
0.246275605005029 0.9998090849733747 0.9991168091876287
0.24864363966853892 0.999395662545659 0.9999836289560867
0.2510116743320488 0.999694005554844 0.999401623790813
0.2533797089955587 0.9999975575117526 0.9989446696255558
0.2557477436590686 0.9999084378284475 0.9999430418385649
0.2581157783225785 0.9997704124663509 0.9996018259725771
0.26048381298608836 0.9997662681319772 0.9996527890383444
0.2628518476495983 0.9998791980894658 0.9999679318444272
0.26521988231310817 0.999983652658045 0.9995887160393216
0.26758791697661805 0.9999876011704053 0.9999310112016258
0.269955951640128 0.9999065897904837 0.999795923343372
0.27232398630363785 0.9998308946432568 0.9996767887439306
0.27469202096714773 0.999835743862824 0.9999904998847617
0.27706005563065766 0.9999157655315714 0.9995744236482568
0.27942809029416754 0.9999916337177643 0.9997967765790059
0.2817961249576774 0.9999772061761729 0.9998427495727729
0.28416415962118735 0.9998537869869543 0.9992039806508555
0.28653219428469723 0.9996979225847867 0.9998106140699787
0.2889002289482071 0.9996473977240834 0.9994002492277896
0.291268263611717 0.999988804805855 0.9989865944877141
0.2936362982752269 0.9999732200947948 0.9995199133532562
0.2960043329387368 0.9998951895542536 0.999968564511463
0.29837236760224667 0.9998532057069187 1.3496789313099766
0.3007404022657566 0.9998752430878993 1.1809154474485017
0.3031084369292665 0.9999353261780213 1.3329936248161944
0.30547647159277636 0.9999871554019029 1.9066431440946694
0.3078445062562863 0.9999982749506378 1.6397554259868365
0.31021254091979616 0.9999677790608453 1.7182484068151664
0.31258057558330604 0.9999220124435034 1.935301479187411
0.314948610246816 0.999894869247694 1.7617317710165887
0.31731664491032585 0.999905825162885 1.9760226615480805
0.31968467957383573 0.9999477932315156 1.8250214454949572
0.3220527142373456 0.9999902969268162 1.9650236382714594
0.32442074890085554 0.9999952867068223 1.8964703532256673
0.3267887835643654 0.9999367218489431 1.950631829740238
0.3291568182278753 0.999810097576322 1.964506312482471
0.3315248528913852 0.9997957825937438 1.9549087364620217
0.3338928875548951 0.999947060503088 1.9926057774846335
0.336260922218405 0.9999979412767546 1.9584994722412616
0.3386289568819149 0.999988825273054 1.9933044777413855
0.3409969915454248 0.999955117135779 1.9712621594803363
0.34336502620893466 0.999927506831069 1.9732768225566917
0.3457330608724446 0.9999227391823005 1.9961715563667108
0.3481010955359545 0.9999409301092368 1.9776330641046824
0.35046913019946435 0.9999698830253563 1.9990197453534735
0.3528371648629743 0.9999933886567449 1.9823235944194812
0.35520519952648416 0.9999995374700202 1.9929126858406776
0.35757323418999404 0.9999858285579614 1.9932166190187495
0.35994126885350397 0.9999596100589704 1.9891348668921844
0.36230930351701385 0.9999343137984054 1.9985423580563255
0.3646773381805237 0.9999233477740929 1.9886655075230422
0.3670453728440336 0.999933983393899 1.9986340316859927
0.36941340750754353 0.9999630201035434 1.9933765814614284
0.3717814421710534 0.9999940990948224 1.9984541700737526
0.3741494768345633 0.99998425495963 1.9911515691347446
0.3765175114980732 0.9998796264699239 1.9965687898511129
0.3788855461615831 0.9998893576304289 1.998645587940328
0.381253580825093 0.9999263131434407 1.9993033911175977
0.3836216154886029 0.9999656347122905 1.999296640486878
0.3859896501521128 0.9999919572121874 1.998986078478795
0.38835768481562266 0.999999960316817 1.9989051975536314
0.3907257194791326 0.9999926390691787 1.9997656593353088
0.39309375414264247 0.9999777358075768 1.9992112517908405
0.39546178880615235 0.9999637895953037 1.9992669314294458
0.3978298234696622 0.9999570353778047 1.9992097235686377
0.40019785813317216 0.9999598064644181 1.9990792806947928
0.40256589279668203 0.9999704799701757 1.9995497570613188
0.4049339274601919 0.9999845507732376 1.9989620144083193
0.40730196212370184 0.9999962083826642 1.9993074612575348
0.4096699967872117 0.9999998073728334 1.998761378489416
0.4120380314507216 0.9999907847393184 1.9987531333286288
0.41440606611423153 0.9999657805495044 1.9987573774216723
0.4167741007777414 0.9999218885522001 1.9982608975635827
0.4191421354412513 0.9998555024432225 1.9985435682183015
0.4215101701047612 0.99990231723587 1.9968702058626877
0.4238782047682711 0.9999997643366735 1.9977607947203544
0.42624623943178097 0.9999916159445328 1.9984445075252537
0.4286142740952909 0.9999795624936458 1.9984480735074028
0.4309823087588008 0.9999723231202599 1.9990965866054091
0.43335034342231066 0.9999697836447978 1.999414840493782
0.4357183780858206 0.9999703131979919 1.9995295133435118
0.43808641274933047 0.999972567533762 1.9993844881635745
0.44045444741284034 0.9999761663586897 1.9991194524480236
0.4428224820763502 0.999982493094693 1.999211530889546
0.44519051673986015 0.9999938839152102 1.99926439340381
0.44755855140337003 0.9999995597280542 1.999692039616614
0.4499265860668799 0.9999912588055059 1.9995771188437015
0.45229462073038984 0.9999827261255488 1.9997385994984187
0.4546626553938997 0.9999573601615857 1.999108109541431
0.4570306900574096 0.9999453180184699 1.999187956698958
0.4593987247209195 1.9975062413602929 1.9984947658301089
0.4617667593844294 1.9947794735166364 1.999047281575938
0.4641347940479393 1.996175602004324 1.9984457383414935
0.4665028287114492 1.9960100282962545 1.9993414853328488
0.4688708633749591 1.9929385066441188 1.9981175889189826
0.47123889803846897 1.996690087251713 1.99769818530911
