# t = 1
# W = 80
# L = 80
# alpha = 0.025
# xic = 2.5231325220201604
# plate_distance = 55.50891548444353
# E_dis = 0.0031415926535897933
# E_img = 95.11985514254427
# ei = 0.0
# ef = 0.47123889803846897
# Ne = 200
# iter_dis = 4
# Ncore = 6
Energies G0 GIMG
0.0 0.0 0.0
0.0023680346635098944 3.833094827642176e-51 6.89686290514977e-05
0.004736069327019789 2.8870033432615255e-51 0.001748018696288968
0.007104103990529683 5.330783191289128e-48 0.017560885323598553
0.009472138654039577 1.733807865065223e-47 0.010024337012759541
0.011840173317549472 4.048565069489988e-47 0.027757712665259452
0.014208207981059366 2.610008646258282e-46 0.8813431441245168
0.01657624264456926 8.425851423566081e-46 0.1335286910014109
0.018944277308079155 1.9089612588614627e-45 0.125891260282112
0.02131231197158905 3.9908977925799896e-45 0.43704129832903577
0.023680346635098944 8.133232879308976e-45 0.6094891257578019
0.026048381298608838 3.2578588940789544e-44 0.3320121669168701
0.028416415962118732 7.487729800126925e-44 0.44104248396239354
0.030784450625628627 1.5578551337938392e-43 0.9169436759606062
0.03315248528913852 3.0966110626731594e-43 0.7591961043325237
0.03552051995264842 5.9673309916020674e-43 0.5128428653839758
0.03788855461615831 1.3190359451545091e-42 0.6982399965316959
0.0402565892796682 3.5410323157155494e-42 0.9983458659275493
0.0426246239431781 7.628669220120868e-42 0.8206402932922292
0.044992658606687996 1.5302757465018823e-41 0.730226373313182
0.04736069327019789 2.9297260321759536e-41 0.8652294326705667
0.04972872793370778 5.406988670081898e-41 0.9991089683404619
0.052096762597217676 9.685513360469107e-41 0.8735924058313438
0.054464797260727574 2.173544288450967e-40 0.7999999101203422
0.056832831924237465 5.848685030093869e-40 0.9449231703905446
0.059200866587747356 1.2216970272163482e-39 0.9915829766188764
0.06156890125125725 2.3665001185623182e-39 0.912672685825506
0.06393693591476715 4.442110940411962e-39 0.9079382371140491
0.06630497057827704 8.328692782811454e-39 0.9780128396484452
0.06867300524178693 1.5994824904042672e-38 0.9939396132144737
0.07104103990529684 3.2017562434650346e-38 0.9475578922740049
0.07340907456880673 6.910410722183475e-38 0.9344281423254072
0.07577710923231662 1.9210440738397147e-37 0.9887449167215182
0.07814514389582651 4.120030554832063e-37 0.9888327495997264
0.0805131785593364 8.896305493956542e-37 0.9543991713043565
0.0828812132228463 1.9062548317268745e-36 0.9690442481655706
0.0852492478863562 3.9269669963578984e-36 0.998661166129287
0.08761728254986609 7.625334665914014e-36 0.9893180435199413
0.08998531721337599 1.4101482134307278e-35 0.9759439439019733
0.09235335187688588 2.692371913083136e-35 0.9880758364963658
0.09472138654039577 6.577667940428382e-35 0.9996519474033067
0.09708942120390567 2.906384628173936e-34 0.9952649949902331
0.09945745586741556 5.298344566803457e-34 0.9816947869525424
0.10182549053092546 1.1326956559350749e-33 0.9896512958801994
0.10419352519443535 2.9846416866761247e-33 0.9999902154317731
0.10656155985794524 7.525357367910127e-33 0.9911447558178684
0.10892959452145515 1.5251385006304564e-32 0.98720971652531
0.11129762918496504 2.5931375871186854e-32 0.9972401731928651
0.11366566384847493 7.120020192661274e-32 0.9986292056326237
0.11603369851198482 3.3186577288115844e-31 0.9927403757114909
0.11840173317549471 7.544097624013575e-31 0.9962781338053807
0.12076976783900462 2.937419957782863e-30 0.9999811017001848
0.1231378025025145 1.2165250060932205e-29 0.9998598318667529
0.1255058371660244 1.1892308684611646e-29 0.9980782131158461
0.1278738718295343 5.663895913169705e-29 0.9970982913251715
0.13024190649304418 2.663506665272385e-28 0.9993376015177142
0.13260994115655408 2.5480809910896166e-28 0.9994227399674004
0.134977975820064 6.4711540680938e-27 0.9966773216433836
0.13734601048357387 1.3292270533710414e-26 0.9976544017183483
0.13971404514708377 3.912376227143985e-26 0.9999887133842704
0.14208207981059368 6.539499264337316e-25 0.997761672301576
0.14445011447410355 6.230038523842027e-24 0.9969027571130088
0.14681814913761346 5.94578289117104e-23 0.9998562281612188
0.14918618380112333 3.3532421427382484e-22 0.9970864019750167
0.15155421846463324 4.441447003884876e-20 0.9995422092673903
0.15392225312814314 1.2691686920742153e-07 0.9999789003421226
0.15629028779165302 0.9978304116460193 0.9999969968005117
0.15865832245516293 0.9969631196122225 0.9999829407051852
0.1610263571186728 0.9998638127364728 0.9999135628930073
0.1633943917821827 0.9999613016042103 0.9997934786421173
0.1657624264456926 0.9993336277875107 0.9998782029377538
0.1681304611092025 0.9979007535719698 0.9999819216925268
0.1704984957727124 0.999491996125163 0.9995375750554456
0.1728665304362223 0.9987915249954633 0.9993968874082999
0.17523456509973218 0.9987480950844084 0.9999850666391974
0.17760259976324208 0.9986664689628322 0.9990657827089364
0.17997063442675199 0.9976865822505682 0.9980385782824953
0.18233866909026186 0.999122597783403 0.999735651047853
0.18470670375377177 0.9994820000491265 0.9991596929756109
0.18707473841728164 0.998811426801147 0.999849456153712
0.18944277308079155 0.9999510645618052 0.9999126368340225
0.19181080774430145 0.9994745954151566 0.9997500318258113
0.19417884240781133 0.9992536161724184 0.9999654492882596
0.19654687707132124 0.9999485978697631 0.9999557601389872
0.1989149117348311 0.9996904713591246 0.9999317223136345
0.20128294639834102 0.9992652696374763 0.9999990735116835
0.20365098106185092 0.9997583625403571 0.9999345258595207
0.2060190157253608 0.9999343737326941 0.9999923490603271
0.2083870503888707 0.9992497055615054 0.9998817046215411
0.2107550850523806 0.9991795156709786 0.9998058166248132
0.21312311971589049 0.9999707947444866 0.9998617703267761
0.2154911543794004 0.9992341228689327 0.9994851168376195
0.2178591890429103 0.9993250960975099 0.9999486593510957
0.22022722370642017 0.9998626554499696 0.9995465130042214
0.22259525836993008 0.9999726128333134 0.9998881196775136
0.22496329303343995 0.9997129666624779 0.9999069479663594
0.22733132769694986 0.9996195346469988 0.9996836617461461
0.22969936236045976 0.9998244185809063 0.9999519409871289
0.23206739702396964 0.9999968149713889 0.9998880415506988
0.23443543168747955 0.9999006871182617 0.9997408740614137
0.23680346635098942 0.9996992942616441 0.9999841207430902
0.23917150101449933 0.9996868681188578 0.9998310894599284
0.24153953567800923 0.9998827256938222 0.9997626614330016
0.2439075703415191 0.9999986076164346 0.9999965770402568
0.246275605005029 0.9997920235526321 0.9996005111919964
0.24864363966853892 0.9993924626712029 0.9998389526508379
0.2510116743320488 0.9997211352402336 0.9993589756584774
0.2533797089955587 0.9999994328611933 0.9999242388837055
0.2557477436590686 0.9998982427781165 0.9998866491002647
0.2581157783225785 0.9997650609532462 0.9998501177940626
0.26048381298608836 0.9997709881838045 0.9999985981135541
0.2628518476495983 0.999887632975217 0.9998788829747292
0.26521988231310817 0.9999873916093585 0.9999425028001956
0.26758791697661805 0.9999844541775506 0.9999778404599398
0.269955951640128 0.99990132382987 1.0024540188999682
0.27232398630363785 0.9998297333841143 1.6872397766754412
0.27469202096714773 0.9998404691373771 1.322525418555031
0.27706005563065766 0.9999223598754579 1.3786363794676157
0.27942809029416754 0.999994092300168 1.817643751762696
0.2817961249576774 0.9999731512345531 1.5188376445720264
0.28416415962118735 0.999847437029434 1.7747128819862779
0.28653219428469723 0.9996981121845838 1.797733120114084
0.2889002289482071 0.9996633799384668 1.6855648664366107
0.291268263611717 0.9999920588236907 1.9772534401807933
0.2936362982752269 0.9999692099113393 1.8102457391906022
0.2960043329387368 0.9998910366321806 1.7900863400454323
0.29837236760224667 0.9998527732999225 1.9796933318285876
0.3007404022657566 0.9998783213112302 1.8614080625613862
0.3031084369292665 0.9999392217886797 1.8295342865028803
0.30547647159277636 0.9999891796913851 1.976441660430127
0.3078445062562863 0.9999975338418936 1.9341346834638802
0.31021254091979616 0.9999654453653991 1.854597206619462
0.31258057558330604 0.9999202587811806 1.941246721339328
0.314948610246816 0.9998953216809541 1.994284551384099
0.31731664491032585 0.999908502045598 1.9152837616734462
0.31968467957383573 0.99995109592133 1.9186576762503191
0.3220527142373456 0.9999920093502684 1.9893670846363998
0.32442074890085554 0.999994041824315 1.9692572958268368
0.3267887835643654 0.9999332335918667 1.9298759999397705
0.3291568182278753 0.9998078579018184 1.9661400445355335
0.3315248528913852 0.9998019746350328 1.9892068758712769
0.3338928875548951 0.9999511108395852 1.9775747135532624
0.336260922218405 0.9999986704719628 1.9681049479896262
0.3386289568819149 0.9999873821737255 1.9827366162776383
0.3409969915454248 0.9999533247513924 1.9937840048976208
0.34336502620893466 0.999926751455197 1.9815758708106923
0.3457330608724446 0.9999234419052445 1.9760224516178226
0.3481010955359545 0.9999426036640072 1.9903630440285618
0.35046913019946435 0.9999715843014839 1.996176898374274
0.3528371648629743 0.9999942813548086 1.9824755843385007
0.35520519952648416 0.9999993043227617 1.9788624812561193
0.35757323418999404 0.9999847848356509 1.9936748958658077
0.35994126885350397 0.9999585127707797 1.9977963441194204
0.36230930351701385 0.999933978511343 1.9858379064621654
0.3646773381805237 0.9999242414995497 1.984649788774171
0.3670453728440336 0.999935949396243 1.9969356654525396
0.36941340750754353 0.9999652234222454 1.9973168055254038
0.3717814421710534 0.9999951759020096 1.9862563212142668
0.3741494768345633 0.9999823031266825 1.9907806651093767
0.3765175114980732 0.9998781164610664 1.9973145489213107
0.3788855461615831 0.9998901377548157 1.9964643303077851
0.381253580825093 0.9999280731664388 1.9953212970558747
0.3836216154886029 0.9999672458291211 1.9962678574303068
0.3859896501521128 0.9999927879535555 1.9976013719547974
0.38835768481562266 0.9999999223801808 1.9978985035248993
0.3907257194791326 0.9999920391664352 1.9973584198663499
0.39309375414264247 0.9999770420729 1.99726609614085
0.39546178880615235 0.9999634113129785 1.9979991696079185
0.3978298234696622 0.9999571807374716 1.9983714718212156
0.40019785813317216 0.9999604411554435 1.997832900737648
0.40256589279668203 0.9999713737823003 1.9975111995357213
0.4049339274601919 0.9999853782264555 1.9984170368886185
0.40730196212370184 0.999996664606068 1.9988358639443955
0.4096699967872117 0.9999997091218116 1.9979445603799433
0.4120380314507216 0.9999901440134986 1.9976001661479663
0.41440606611423153 0.9999648628843847 1.9988405807416125
0.4167741007777414 0.9999213116553594 1.999096472928548
0.4191421354412513 0.9998565871535322 1.9962804234177818
0.4215101701047612 0.9999071918608018 1.997684916421232
0.4238782047682711 0.9999999072795388 1.9994081919568893
0.42624623943178097 0.9999909516335671 1.9977955059578738
0.4286142740952909 0.999978937845456 1.9979121886485411
0.4309823087588008 0.9999719847019597 1.9997008255937831
0.43335034342231066 0.9999697570068884 1.9994693588438428
0.4357183780858206 0.9999705518702908 1.9986528502040117
0.43808641274933047 0.9999730164203027 1.9990914050740947
0.44045444741284034 0.9999767776750024 1.9996617237842063
0.4428224820763502 0.9999831814402149 1.9996111901541336
0.44519051673986015 0.9999943580052431 1.9991236564401091
0.44755855140337003 0.9999994415414037 1.9993508614955149
0.4499265860668799 0.9999908875787124 1.9996979237304144
0.45229462073038984 0.9999823021626979 1.9997224639723907
0.4546626553938997 0.999957451025789 1.9994579499776448
0.4570306900574096 0.9999468753732942 1.9992896176495207
0.4593987247209195 1.9978290545134247 1.9998567837578856
0.4617667593844294 1.9947729610727924 1.9997215117637697
0.4641347940479393 1.9964892320894343 1.9993262900953868
0.4665028287114492 1.9963347504815538 1.999245868364891
0.4688708633749591 1.9930307159473326 1.9996035775069518
0.47123889803846897 1.9965809472137812 1.9989951289452272
