# t = 1
# W = 160
# L = 160
# alpha = 0.025
# xic = 2.5231325220201604
# plate_distance = 83.2633732266653
# E_dis = 0.0031415926535897933
# E_img = 53.504918517681155
# ei = 0.0
# ef = 0.47123889803846897
# Ne = 200
# iter_dis = 1
# Ncore = 6
Energies G0 GIMG
0.0 0.0 0.0
0.0023680346635098944 8.695798694784202e-95 1.4305861554903226e-67
0.004736069327019789 3.061470192726682e-93 1.6307235277207224e-65
0.007104103990529683 4.106969351135457e-92 6.998416507165005e-64
0.009472138654039577 1.991174451339868e-91 1.321310250995131e-62
0.011840173317549472 1.6820436269731735e-90 3.52933674037818e-61
0.014208207981059366 8.983775191429555e-90 7.2395266751509e-60
0.01657624264456926 4.030738919565033e-89 1.2733148453070868e-58
0.018944277308079155 1.69479987920195e-88 2.4657992033890147e-57
0.02131231197158905 7.405928760856811e-88 4.719446480101996e-56
0.023680346635098944 2.5413639659136884e-87 8.790993377874952e-55
0.026048381298608838 1.125604072482734e-86 2.181724755621562e-53
0.028416415962118732 3.9490576417644504e-86 4.9434251515046346e-52
0.030784450625628627 1.2656299486449755e-85 1.3499067407399552e-50
0.03315248528913852 5.449443998885336e-85 4.6139597570524774e-49
0.03552051995264842 1.8183436627836065e-84 1.6815631833902533e-47
0.03788855461615831 5.712927839049432e-84 8.206023854698688e-46
0.0402565892796682 2.397090454052959e-83 5.378518988622844e-44
0.0426246239431781 8.005519775536895e-83 4.465348238634978e-42
0.044992658606687996 2.5751611942294555e-82 5.816964445780548e-40
0.04736069327019789 1.0158746793018905e-81 1.3343727279391288e-37
0.04972872793370778 3.553858706148408e-81 5.227659186377562e-35
0.052096762597217676 1.1896303643746962e-80 5.041122140539052e-32
0.054464797260727574 3.909655366157322e-80 1.7402081546658643e-28
0.056832831924237465 1.602346152201209e-79 3.332058821428733e-24
0.059200866587747356 5.668295943340319e-79 1.6328290840232904e-18
0.06156890125125725 1.915518803861187e-78 1.621496688993944e-08
0.06393693591476715 6.413471176875948e-78 0.08599057276939205
0.06630497057827704 2.8185924831870564e-77 0.2725666595194535
0.06867300524178693 1.0205804092658545e-76 0.9877087330245596
0.07104103990529684 3.6730257994846713e-76 0.9535733032070454
0.07340907456880673 1.333975165013339e-75 0.9282088960109972
0.07577710923231662 5.808171260449527e-75 0.9348033519078498
0.07814514389582651 2.3567980502669452e-74 0.9330143326548153
0.0805131785593364 8.842851030322788e-74 0.9868669847398899
0.0828812132228463 3.284399441732691e-73 0.9973085774891265
0.0852492478863562 1.38538608125979e-72 0.9983826500746675
0.08761728254986609 6.725508144487825e-72 0.9958097424498885
0.08998531721337599 2.9443082294528837e-71 0.9873892453127824
0.09235335187688588 1.2169054479513476e-70 0.9934947835395525
0.09472138654039577 4.7404216337590677e-70 0.999861448489309
0.09708942120390567 2.945688217020869e-69 0.9980448995039923
0.09945745586741556 1.3077515875878702e-68 0.996828682325038
0.10182549053092546 7.055654176496718e-68 0.998740445293117
0.10419352519443535 2.867805941718583e-67 0.999902924991381
0.10656155985794524 1.5748981826951887e-66 0.999947219599068
0.10892959452145515 9.579961491017465e-66 0.9999977143498189
0.11129762918496504 8.058979533305204e-65 0.9999143390149132
0.11366566384847493 2.6394674769010735e-64 0.9999954672006959
0.11603369851198482 2.605302749369081e-63 0.9999708071374107
0.11840173317549471 7.52667508793699e-63 0.9999662825823825
0.12076976783900462 1.7937243657333537e-61 0.9999994982596526
0.1231378025025145 1.3037880067272678e-60 0.9996388440712044
0.1255058371660244 3.646250272766842e-60 0.9998894111996376
0.1278738718295343 3.7688855227317168e-59 0.9999150176719742
0.13024190649304418 7.427918935062273e-58 0.9999307504812786
0.13260994115655408 9.860365495593826e-57 0.9999539351124827
0.134977975820064 1.2131979648545578e-55 0.9999910855897383
0.13734601048357387 4.573294664879065e-55 0.999730157147762
0.13971404514708377 6.908409271293697e-53 0.9998522420165589
0.14208207981059368 2.8008783759654374e-52 0.9998934682073347
0.14445011447410355 2.601899522315364e-50 0.9999139080767412
0.14681814913761346 3.717563565745612e-48 0.9999349660225666
0.14918618380112333 9.88989437046238e-46 0.9999785883633207
0.15155421846463324 7.609902396719077e-43 0.9996557154501483
0.15392225312814314 2.658588599003303e-17 0.9998306765555666
0.15629028779165302 0.9997795187799408 0.9999368598743965
0.15865832245516293 0.9998785711589595 0.9999943853980334
0.1610263571186728 0.9999276494470256 0.999980833309756
0.1633943917821827 0.9999794872649815 0.9998568862144155
0.1657624264456926 0.999857283282173 0.9997098602182026
0.1681304611092025 0.9995207031430685 0.9998921562189783
0.1704984957727124 0.9998880840434846 0.9998620758025933
0.1728665304362223 0.9999961335988021 0.999983345379945
0.17523456509973218 0.9999991229105603 0.9999581822601479
0.17760259976324208 0.9999999995376732 0.9998926236026545
0.17997063442675199 0.9999834090942364 0.9999986539854717
0.18233866909026186 0.9999004972731447 0.9993074084132862
0.18470670375377177 0.9998999797694555 0.9999286972877225
0.18707473841728164 0.9998317289214484 0.9999057410364687
0.18944277308079155 0.999913709694734 0.9999916424860487
0.19181080774430145 0.9999993005362136 0.9998983463218444
0.19417884240781133 0.9998838950107014 0.999997591191162
0.19654687707132124 0.9998768107463777 0.9998281169354593
0.1989149117348311 0.9999999254789919 0.9999863796749136
0.20128294639834102 0.9999113498429952 0.9998344518249228
0.20365098106185092 0.9999208755076605 0.9999941360395207
0.2060190157253608 0.999988904318019 0.999909764294634
0.2083870503888707 0.9999163943870868 0.999999951750323
0.2107550850523806 0.9999994253061035 0.9998924137218567
0.21312311971589049 0.9998931193029826 0.999997930001416
0.2154911543794004 0.9999957486170348 0.9997349506583488
0.2178591890429103 0.9999208198272606 0.9997472707358153
0.22022722370642017 0.999969030391727 0.9999630683413717
0.22259525836993008 0.9999555475420628 0.9999867805774716
0.22496329303343995 0.9999865873920836 0.9999270646834972
0.22733132769694986 0.9999488559818638 0.9999140130882271
0.22969936236045976 0.9999969248597771 0.9999370574607217
0.23206739702396964 0.9999186355677747 0.9999634924120934
0.23443543168747955 0.999995972459434 0.9998607463603848
0.23680346635098942 0.9999325218106478 0.9999367449583979
0.23917150101449933 0.999999942857463 0.9999929556658985
0.24153953567800923 0.999958572503712 0.9999970834964096
0.2439075703415191 0.999989537715166 0.9999734583024493
0.246275605005029 0.9999816442535392 0.9999400915865047
0.24864363966853892 0.9999607676895492 0.999900074919475
0.2510116743320488 0.9999991523559373 0.9998294342843833
0.2533797089955587 0.9999012997157458 0.9998361298001843
0.2557477436590686 0.9999999667962638 0.9999855223044075
0.2581157783225785 0.9999679778818741 0.9999990585825247
0.26048381298608836 0.9999838440398197 0.9999960909053487
0.2628518476495983 0.9999965681228412 0.9999676654360049
0.26521988231310817 0.9999702923358326 0.9999140337647254
0.26758791697661805 0.9999914062064847 0.9999108168903309
0.269955951640128 0.9999859227891426 0.9999991899287028
0.27232398630363785 0.9999323008960257 0.9995824122249148
0.27469202096714773 0.9999974089351154 0.9999982853749507
0.27706005563065766 0.9999716247588013 0.9998932370866476
0.27942809029416754 0.9999897178250351 0.9999691722167858
0.2817961249576774 0.9999974992918925 0.999951587966344
0.28416415962118735 0.9999787969320731 0.9999519313133368
0.28653219428469723 0.9999893938655513 0.9999546500946028
0.2889002289482071 0.9999974225626899 0.9999115005859436
0.291268263611717 0.9999611751865859 0.9998845245982313
0.2936362982752269 0.9999972953734475 0.9999952272786898
0.2960043329387368 0.9999859024831821 0.999849679893835
0.29837236760224667 0.9999808467060487 0.9999955123593333
0.3007404022657566 0.999998033737439 0.9999225945697036
0.3031084369292665 0.999994301861966 0.9999590029906235
0.30547647159277636 0.9999828812488784 0.9999934872342281
0.3078445062562863 0.9999937530073649 0.9999218901570046
0.31021254091979616 0.9999970841231736 0.9998467571208914
0.31258057558330604 0.9999641518165092 0.9997192569928586
0.314948610246816 0.9999970401523591 0.9999801244442176
0.31731664491032585 0.9999928253342407 0.9999994861663947
0.31968467957383573 0.9999844760969901 0.9999843156729485
0.3220527142373456 0.9999949541983447 0.9999438997448866
0.32442074890085554 0.9999992496755479 0.9999070356412856
0.3267887835643654 0.999989009999974 0.9999653295683526
0.3291568182278753 0.9999878658434513 0.9999694919776906
0.3315248528913852 0.9999991681264242 0.999830270750562
0.3338928875548951 0.9999858616786075 0.9999957066400954
0.336260922218405 0.9999830615819049 0.999754900285371
0.3386289568819149 0.999999874170316 0.9999863549037629
0.3409969915454248 0.9999936823226139 0.9998948749908516
0.34336502620893466 0.9999889920008349 0.9999895097854805
0.3457330608724446 0.9999960172376147 0.9999949643325928
0.3481010955359545 0.999999708977212 0.9999598307338097
0.35046913019946435 0.9999918204861533 0.9998927070274196
0.3528371648629743 0.9999871034132137 0.9998456464118454
0.35520519952648416 0.9999969154247904 0.9998890397308633
0.35757323418999404 0.9999855359153589 0.999896980710044
0.35994126885350397 0.9999865651585321 0.9999986909051225
0.36230930351701385 0.9999977708933724 0.999999996106488
0.3646773381805237 0.999998939312554 0.9999330385934526
0.3670453728440336 0.9999929543448404 0.9999670006862593
0.36941340750754353 0.9999925987319466 0.9998980387440053
0.3717814421710534 0.9999984067929686 0.9999969705967714
0.3741494768345633 0.9999988201053785 0.9998527155140089
0.3765175114980732 0.9999889453015494 1.2822166345797577
0.3788855461615831 0.9999815762856933 1.5890810744807715
0.381253580825093 0.9999993805627423 1.647667124507614
0.3836216154886029 0.9999920241257516 1.9418811461851684
0.3859896501521128 0.9999920585620585 1.7892007403288377
0.38835768481562266 0.999997939812984 1.7964763136582056
0.3907257194791326 0.9999997745743607 1.874674324529696
0.39309375414264247 0.9999957241503149 1.8591290163251075
0.39546178880615235 0.9999926909028685 1.99727477178856
0.3978298234696622 0.9999958342857089 1.9770602015143386
0.40019785813317216 0.9999999984594348 1.9642144865178148
0.40256589279668203 0.9999717094251708 1.9515056008814726
0.4049339274601919 0.999991769173759 1.9956328461080841
0.40730196212370184 0.9999998525970654 1.9959312510046745
0.4096699967872117 0.9999979518134203 1.9851566662363245
0.4120380314507216 0.9999948951257746 1.9887265311571372
0.41440606611423153 0.9999955550394304 1.9980652613850665
0.4167741007777414 0.9999986596537186 1.9981139240879082
0.4191421354412513 0.9999998662401866 1.9949238447801636
0.4215101701047612 0.999994943258053 1.9957774874733913
0.4238782047682711 0.9999840187806858 1.998521548201441
0.42624623943178097 0.9999993898408432 1.9988453608113192
0.4286142740952909 0.9999959058950147 1.999068794073583
0.4309823087588008 0.9999950907403181 1.998974057785368
0.43335034342231066 0.9999959744077408 1.9996072234068165
0.4357183780858206 0.9999984853232358 1.999796892458474
0.43808641274933047 0.9999996864439892 1.9995179627948045
0.44045444741284034 0.9999953198972305 1.999447133496508
0.4428224820763502 0.9999941131549697 1.9994340196043856
0.44519051673986015 0.9999959846898198 1.9993863515212251
0.44755855140337003 0.9999999807857175 1.9994056225820553
0.4499265860668799 0.9999935866479167 1.9993186324694525
0.45229462073038984 0.9999916964979645 1.99971774908813
0.4546626553938997 0.9999979098132061 1.9998722711725365
0.4570306900574096 0.99999992748304 1.9999164108130196
0.4593987247209195 1.99938671573186 1.999931827706454
0.4617667593844294 1.9997696370608995 1.9999573107451178
0.4641347940479393 1.9999550888271536 1.999962347328881
0.4665028287114492 1.999951129433535 1.9999221630588622
0.4688708633749591 1.999742038146881 1.999871498217011
0.47123889803846897 1.9998991520620442 1.9998217517515993
