# t = 1
# W = 160
# L = 160
# alpha = 0.025
# xic = 2.5231325220201604
# plate_distance = 25.231325220201605
# E_dis = 0.0031415926535897933
# E_img = 53.504918517681155
# ei = 0.0
# ef = 0.47123889803846897
# Ne = 200
# iter_dis = 1
# Ncore = 6
Energies G0 GIMG
0.0 0.0 0.0
0.0023680346635098944 7.904329707766592e-95 2.037138723093467e-05
0.004736069327019789 2.7858176852493095e-93 1.3053015901799847e-05
0.007104103990529683 3.7373612470587116e-92 0.00027855022258459406
0.009472138654039577 1.8090602824172843e-91 0.0002647999202312259
0.011840173317549472 1.5303837600334202e-90 0.0005878924664517779
0.014208207981059366 8.17491673651874e-90 0.039601024481444806
0.01657624264456926 3.671126288134698e-89 0.0021725500965484455
0.018944277308079155 1.5434446380288253e-88 0.015558343841683267
0.02131231197158905 6.747115058367246e-88 0.015332640363279585
0.023680346635098944 2.3158819557285713e-87 0.009063605062081932
0.026048381298608838 1.024945877087745e-86 0.2992613432317697
0.028416415962118732 3.5952368562770686e-86 0.03280492522243611
0.030784450625628627 1.1517414091863602e-85 0.03845389637365272
0.03315248528913852 4.9545427862031417e-85 0.8511219266469523
0.03552051995264842 1.6522456722819208e-84 0.055567435476503335
0.03788855461615831 5.189431449459633e-84 0.0807106315559777
0.0402565892796682 2.1746288906302272e-83 0.9503685262164385
0.0426246239431781 7.259486588947327e-83 0.1179267797742904
0.044992658606687996 2.3349063386815366e-82 0.14874317315438831
0.04736069327019789 9.19669971261892e-82 0.9990649327265637
0.04972872793370778 3.2162605286349874e-81 0.20958090503866547
0.052096762597217676 1.0762675498753557e-80 0.20012972564565557
0.054464797260727574 3.534372880895487e-80 0.8654384351257266
0.056832831924237465 1.446352333965822e-79 0.38382348096667446
0.059200866587747356 5.111367696493854e-79 0.25538090806062747
0.06156890125125725 1.726110084756282e-78 0.6130493299233162
0.06393693591476715 5.778658040019606e-78 0.7147255957223874
0.06630497057827704 2.5310318772058094e-77 0.3558612495780718
0.06867300524178693 9.159729064038195e-77 0.5057469795918608
0.07104103990529684 3.295037906015549e-76 0.9966086154918481
0.07340907456880673 1.1947972077989618e-75 0.511857995476693
0.07577710923231662 5.19054003194999e-75 0.468971424666186
0.07814514389582651 2.1041162327847563e-74 0.8624345970189254
0.0805131785593364 7.890035923547546e-74 0.8056154180073388
0.0828812132228463 2.932287894649107e-73 0.505116972477875
0.0852492478863562 1.2338355732831786e-72 0.6221912060918338
0.08761728254986609 5.983502472189587e-72 0.9970645239688528
0.08998531721337599 2.6202980947319663e-71 0.7234002622767778
0.09235335187688588 1.0812897995389704e-70 0.5891339136015942
0.09472138654039577 4.2196972135031847e-70 0.8060622984447138
0.09708942120390567 2.5967684296856594e-69 0.9728281705115714
0.09945745586741556 1.1611625818790159e-68 0.7025011621236855
0.10182549053092546 6.254784782626777e-68 0.6763899722369998
0.10419352519443535 2.5416819987413367e-67 0.9152640832227114
0.10656155985794524 1.3962054729236012e-66 0.9430198306105787
0.10892959452145515 8.397210437009292e-66 0.728698271220193
0.11129762918496504 7.130915002380157e-65 0.7688628122682877
0.11366566384847493 2.3401105457864366e-64 0.9758917198535484
0.11603369851198482 2.2903941137949494e-63 0.9142479258953258
0.11840173317549471 6.665713872376637e-63 0.7588988044145667
0.12076976783900462 1.5839621995979874e-61 0.8168566157540593
0.1231378025025145 1.1489516843851058e-60 0.9906798059688843
0.1255058371660244 3.158454603450888e-60 0.9153958761225109
0.1278738718295343 3.4045298221894727e-59 0.8058995033391397
0.13024190649304418 6.801128331995904e-58 0.876965846025152
0.13260994115655408 8.977661987866321e-57 0.9982690918919179
0.134977975820064 1.1496244110088652e-55 0.9117067439111655
0.13734601048357387 3.412801044863297e-55 0.8202235903983934
0.13971404514708377 5.448456850169961e-53 0.8972070162306651
0.14208207981059368 2.808550926481343e-52 0.9990261434070065
0.14445011447410355 3.478611208415289e-50 0.928781996595617
0.14681814913761346 1.8477524651610325e-48 0.8586895545106026
0.14918618380112333 8.551936065106731e-46 0.9202438803284251
0.15155421846463324 3.5607266272195544e-43 0.9999097826953611
0.15392225312814314 3.9348025183665846e-14 0.9332063480873808
0.15629028779165302 0.9994465741829462 0.8759842052627627
0.15865832245516293 0.9997198659048571 0.9326569759551149
0.1610263571186728 0.9998514798736724 0.9996725528994915
0.1633943917821827 0.9999985591081028 0.949960222258966
0.1657624264456926 0.9997764583496013 0.8986291357411008
0.1681304611092025 0.9995291223761528 0.9462363731229992
0.1704984957727124 0.9998569722876163 0.9999523810416571
0.1728665304362223 0.9999883126345911 0.9540052593247752
0.17523456509973218 0.999999847151111 0.9121635365958018
0.17760259976324208 0.9999982965552408 0.9527443805452005
0.17997063442675199 0.9999709622813774 0.9998242283824377
0.18233866909026186 0.9998642739356424 0.9617888337275652
0.18470670375377177 0.9998818414845858 0.9207703302140321
0.18707473841728164 0.999827699631092 0.9560554842380184
0.18944277308079155 0.9999230493035285 0.9995775513271319
0.19181080774430145 0.9999973849784779 0.9709235004643525
0.19417884240781133 0.9998757442675923 0.9377869850878852
0.19654687707132124 0.9998868925550873 0.9645910576037346
0.1989149117348311 0.9999992494203435 0.9996044093047003
0.20128294639834102 0.99990132924402 0.9736114634748869
0.20365098106185092 0.9999264770291141 0.9436519746500786
0.2060190157253608 0.9999850004480846 0.9687261877223402
0.2083870503888707 0.999917931815086 0.999789988260756
0.2107550850523806 0.9999983005832708 0.9773324746411292
0.21312311971589049 0.999892280745516 0.9515449098752425
0.2154911543794004 0.999998105201309 0.972313879327558
0.2178591890429103 0.9999136035094305 0.9997208192810899
0.22022722370642017 0.9999729950776294 0.9798024332100986
0.22259525836993008 0.9999518989392229 0.9562111325751946
0.22496329303343995 0.9999889882755293 0.9758986592277644
0.22733132769694986 0.9999463961687513 0.9998708092034428
0.22969936236045976 0.9999981632194249 0.9821072482102293
0.23206739702396964 0.99991726999407 0.9626113071638159
0.23443543168747955 0.9999981462407306 0.9795454781685987
0.23680346635098942 0.9999301865873081 0.9999212758062692
0.23917150101449933 0.9999999860720648 0.9832214791259057
0.24153953567800923 0.9999591621620173 0.9657196506780426
0.2439075703415191 0.9999876295559618 0.9827021075585856
0.246275605005029 0.9999834016152005 0.9999979298435655
0.24864363966853892 0.9999587174247279 0.9843134646969595
0.2510116743320488 0.999999685581321 0.9711154861854003
0.2533797089955587 0.9998985561462894 0.9866675528660446
0.2557477436590686 0.9999997371935683 0.9999427266729564
0.2581157783225785 0.9999688262351542 0.9843069741283349
0.26048381298608836 0.9999821772572982 0.9731046831600154
0.2628518476495983 0.9999973336930952 0.989171400524932
0.26521988231310817 0.9999701852221843 0.9996604176637242
0.26758791697661805 0.999989955378073 0.9844414997123107
0.269955951640128 0.9999874513801195 0.9774376209263462
0.27232398630363785 0.9999294563646397 0.99296974496608
0.27469202096714773 0.9999981771453104 0.9991709812276603
0.27706005563065766 0.9999717637635501 0.9846583745138184
0.27942809029416754 0.9999885224752428 0.9801792012051379
0.2817961249576774 0.9999980284905348 0.9950167120936257
0.28416415962118735 0.999978861631855 0.9981249969150435
0.28653219428469723 0.9999882444901161 0.9840236189979636
0.2889002289482071 0.9999980158175489 0.9836707082355173
0.291268263611717 0.9999611944994601 0.9976315265918881
0.2936362982752269 0.9999963539182392 0.9969221726365135
0.2960043329387368 0.9999867454239416 0.9849357917242149
0.29837236760224667 0.9999801625253059 0.9872451145292461
0.3007404022657566 0.9999975332175555 0.9989969804841524
0.3031084369292665 0.9999948315169734 0.9952142067832873
0.30547647159277636 0.9999826178251457 0.9848456012928614
0.3078445062562863 0.999992942651382 0.9906095802858866
0.31021254091979616 0.9999976086930406 0.9999400326953884
0.31258057558330604 0.9999640454735806 0.9929237027640652
0.314948610246816 0.99999629335072 0.986846773247018
0.31731664491032585 0.9999934048417473 0.9943499126765549
0.31968467957383573 0.9999842105311411 0.9998469455486397
0.3220527142373456 0.9999943642541008 0.9918002341868712
0.32442074890085554 0.9999994466139641 0.9882757248767823
0.3267887835643654 0.9999892067405463 0.9970230110562205
0.3291568182278753 0.9999872316681075 0.9987450070940764
0.3315248528913852 0.9999988529390745 0.9900211058243256
0.3338928875548951 0.9999866506323751 0.991017635265786
0.336260922218405 0.9999820258837139 0.9993493917619488
0.3386289568819149 0.9999997528779667 0.9969419351955265
0.3409969915454248 0.9999940084035541 0.9903995782996028
0.34336502620893466 0.9999887479545245 0.9943159009462028
0.3457330608724446 0.9999955891486778 0.9999938574292145
0.3481010955359545 0.9999998101591249 0.9949001012990016
0.35046913019946435 0.9999920274472179 0.9908910014739852
0.3528371648629743 0.9999866304574057 0.997148845852175
0.35520519952648416 0.9999963634984541 0.9992860610641118
0.35757323418999404 0.9999860285090281 0.9928328396977647
0.35994126885350397 0.9999860921932602 0.9935214550781672
0.36230930351701385 0.9999974325872204 0.99947691613982
0.3646773381805237 0.9999991040667233 0.9975841342266794
0.3670453728440336 0.9999930363775599 0.9926213658510433
0.36941340750754353 0.9999922921099734 0.9960929996505629
0.3717814421710534 0.9999981569041699 0.9999644508653835
0.3741494768345633 0.9999989924314117 1.9154614520622548
0.3765175114980732 0.9999890449789064 1.2396103817801014
0.3788855461615831 0.9999806367647042 1.220098955909462
0.381253580825093 0.9999995424981828 1.3051051454305655
0.3836216154886029 0.9999921661189043 1.8556961879468477
0.3859896501521128 0.9999917914628781 1.8340808748790494
0.38835768481562266 0.9999977015094303 1.476757790739582
0.3907257194791326 0.999999836162462 1.8043171370603028
0.39309375414264247 0.9999958334104018 1.5875856871194431
0.39546178880615235 0.9999925271206414 1.8110299918093433
0.3978298234696622 0.9999955118858421 1.8762398362341581
0.40019785813317216 0.9999999961216215 1.7036030863844098
0.40256589279668203 0.999972049822521 1.8128137234510238
0.4049339274601919 0.9999912678410128 1.8635014794701628
0.40730196212370184 0.9999997805387448 1.7896929563008575
0.4096699967872117 0.9999980749646346 1.9351523850268504
0.4120380314507216 0.99999487723796 1.8056583329491631
0.41440606611423153 0.9999953826554007 1.9846493993168555
0.4167741007777414 0.9999985216124181 1.8126984437728653
0.4191421354412513 0.9999999041412234 1.9073250455296118
0.4215101701047612 0.9999951096487413 1.956612455341061
0.4238782047682711 0.999983829688749 1.8409748930632064
0.42624623943178097 0.9999990015486492 1.9664627231053555
0.4286142740952909 0.9999959702618736 1.920840649512717
0.4309823087588008 0.9999950387651031 1.8945784146838516
0.43335034342231066 0.9999958793476716 1.9783832917236648
0.4357183780858206 0.9999983685964763 1.900725803896933
0.43808641274933047 0.9999997627495584 1.9210599890302982
0.44045444741284034 0.9999953244390636 1.9940381538374599
0.4428224820763502 0.9999940096781179 1.9092457562523593
0.44519051673986015 0.9999958139646559 1.9218172970962004
0.44755855140337003 0.9999999926736296 1.9949400022419042
0.4499265860668799 0.9999939406762464 1.935450110096807
0.45229462073038984 0.9999916439437468 1.924192059789467
0.4546626553938997 0.9999978749263377 1.981707400367366
0.4570306900574096 0.9999999579216714 1.9631080231943219
0.4593987247209195 1.999284708849847 1.946885069665955
0.4617667593844294 1.9999327988437126 1.9855264358179314
0.4641347940479393 1.999937083967734 1.968109018334743
0.4665028287114492 1.9999953041996892 1.9418609477178967
0.4688708633749591 1.9996026215800293 1.981920140445281
0.47123889803846897 1.9999083275195497 1.991167447287957
