# t = 1
# W = 50
# L = 50
# alpha = 0.025
# xic = 2.5231325220201604
# plate_distance = 50.46265044040321
# E_dis = 0.031415926535897934
# E_img = 47.55992757127214
# ei = 0.37699111843077515
# ef = 0.12566370614359174
# Ne = 200
# iter_dis = 100
# Ncore = 6
Energies G0 GIMG
0.37699111843077515 0.9999927241855768 0.999896111946208
0.37572816661023656 0.9999903397827018 0.9998824522467289
0.3744652147896979 0.9999726465060632 0.9998572705502585
0.3732022629691593 0.9999349441316737 0.9998325436222948
0.3719393111486207 0.9998713041600458 0.9998203762910316
0.37067635932808213 0.9997731076579207 0.9998132972737174
0.3694134075075435 0.9996239716681411 0.9997744453433504
0.3681504556870049 0.9993692468735598 0.999639678152559
0.3668875038664663 0.9992263261948375 0.99961611807617
0.36562455204592764 0.9993821627635926 0.9997578319333775
0.36436160022538905 0.9995010328983828 0.9998242392830062
0.36309864840485045 0.99960433756735 0.9998362382785795
0.3618356965843118 0.9996958526659205 0.9998324664188689
0.3605727447637732 0.9997759772454152 0.9998457608758793
0.3593097929432346 0.9998442046073345 0.9998783151306251
0.358046841122696 0.9998998892862109 0.9999081463321329
0.3567838893021574 0.9999425624196173 0.9999164146453976
0.3555209374816188 0.9999720821862531 0.9999065747395769
0.3542579856610802 0.9999887066962384 0.9998983835801226
0.35299503384054154 0.9999931211167112 0.9999062779996644
0.35173208202000295 0.999986432297034 0.9999256492728096
0.35046913019946435 0.9999701373822397 0.9999396704656719
0.34920617837892576 0.9999460704291799 0.9999373771506584
0.3479432265583871 0.9999163303152397 0.999923947624104
0.3466802747378485 0.9998831932609504 0.99991441456791
0.3454173229173099 0.9998490136407633 0.9999189279069183
0.34415437109677127 0.9998161172157627 0.9999336047818905
0.3428914192762327 0.999786691368843 0.9999439871762452
0.3416284674556941 0.9997626772807097 0.9999379693060075
0.34036551563515544 0.9997456692019064 0.9999178768981027
0.33910256381461684 0.999736826013084 0.9999002949728826
0.33783961199407825 0.999736800094204 0.9999012909294175
0.3365766601735396 0.9997456881231073 0.9999194590175241
0.335313708353001 0.9997630077824936 0.9999343815082146
0.3340507565324624 0.9997877034692949 0.9999247856941719
0.3327878047119238 0.9998181829780793 0.9998904090044558
0.33152485289138517 0.9998523857901124 0.9998554848055304
0.3302619010708466 0.9998878820736197 0.9998478288389623
0.328998949250308 0.9999219998363381 0.9998714691487061
0.32773599742976933 0.9999519759309227 0.9998991636094828
0.32647304560923074 0.999975124875844 0.9998943729206766
0.32521009378869215 0.9999890178105865 0.9998448379118487
0.32394714196815355 0.9999916624568175 0.9997773563455947
0.3226841901476149 0.9999816738137759 0.9997382072432814
0.3214212383270763 0.9999584245814616 0.9997534881269969
0.3201582865065377 0.9999221640736851 0.9998024114858742
0.31889533468599907 0.9998740947289234 0.9998281665545818
0.31763238286546047 0.9998163962946373 0.9997816818596493
0.3163694310449219 0.9997521893566726 0.9996658788304483
0.3151064792243833 0.9996854320681025 0.9995431112684938
0.31384352740384464 0.9996207466042242 0.9994924104893008
0.31258057558330604 0.9995631748656489 0.9995424561473176
0.3113176237627674 0.9995178660066264 0.9996332280075172
0.3100546719422288 0.9994897010622741 0.9996473122769394
0.3087917201216902 0.9994828615640028 0.9995000147341707
0.3075287683011516 0.9995003481639108 0.9992223805046676
0.306265816480613 0.9995434488082804 0.9989618832576754
0.30500286466007437 0.9996111358440456 0.9988795714158852
0.3037399128395358 0.9996993131597691 0.9990049681358
0.3024769610189971 0.9997996469387034 0.9991569440142747
0.30121400919845853 0.9998969357257197 0.99900324247836
0.29995105737791994 0.9999584032193546 0.9981927907433849
0.29868810555738134 0.9997735695224323 0.9969122428372958
0.2974251537368427 0.9995817619740258 0.9974375123505008
0.2961622019163041 0.9994262212633566 0.9982066159923644
0.2948992500957655 0.999310423682797 0.9987669383359681
0.29363629827522686 0.9992387441269314 0.9988183110134555
0.29237334645468827 0.9992124111838243 0.9984148304732421
0.29111039463414967 0.9992293265430902 0.9978971800021588
0.2898474428136111 0.9992843580710181 0.9976490832749048
0.28858449099307243 0.9993698370214825 0.9978437960408847
0.28732153917253384 0.9994762028540582 0.9983382530902218
0.2860585873519952 0.99959275952601 0.9987757236215649
0.2847956355314566 0.9997085019901304 0.9988277038030838
0.283532683710918 0.9998129635886797 0.9984173836736002
0.2822697318903794 0.9998970288294297 0.997776311689838
0.2810067800698408 0.9999536533076924 0.9972947370405439
0.27974382824930216 0.9999784341713152 0.9972645084430184
0.27848087642876357 0.9999699809738277 0.9976827587530395
0.2772179246082249 0.9999300480593967 0.9982435438784865
0.2759549727876863 0.9998634053382501 0.9985282420209165
0.27469202096714773 0.999777443535882 0.9982782665006902
0.27342906914660914 0.9996815314163728 0.9975720567553111
0.2721661173260705 0.9995861644776428 0.9967875064596813
0.2709031655055319 0.9995019654361271 0.9963727131261756
0.2696402136849933 0.9994386147015996 0.9965648704494202
0.26837726186445465 0.9994038023472847 0.9972240655513408
0.26711431004391606 0.9994023003524264 0.997888318583974
0.26585135822337747 0.9994352539020522 0.998034755582979
0.26458840640283887 0.9994997822849442 0.9974019958844113
0.2633254545823002 0.9995889627454762 0.9961742102398222
0.26206250276176163 0.999692244248157 0.9949023290937282
0.26079955094122304 0.9997963028693458 0.9941983192308922
0.2595365991206844 0.9998863077250679 0.994373724494483
0.2582736473001458 0.999947518480317 0.9952300443680658
0.2570106954796072 0.9999670864729939 0.9961365478769205
0.2557477436590686 0.9999358865924433 0.9963740674507939
0.25448479183852996 0.9998501725052333 0.995553764910129
0.25322184001799136 0.9997128300257592 0.9938631719473453
0.2519588881974527 0.9995340078892441 0.991996107521189
0.2506959363769141 0.9993309353229807 0.9907955248934853
0.24943298455637553 0.9991267919679822 0.9907868414855451
0.2481700327358369 0.9989485745116755 0.9918542171083886
0.2469070809152983 0.9988239984853213 0.9932560403038191
0.2456441290947597 0.9987775710850914 0.9939846720918488
0.2443811772742211 0.9988260521268446 0.993279953474778
0.24311822545368247 0.9989735470934448 0.9910363698972264
0.24185527363314385 0.9992063487616242 0.9878658166766215
0.24059232181260526 0.9994870111767951 0.9847256939244262
0.23932936999206664 0.9997442623029862 0.9823220733068413
0.23806641817152804 0.9998345836274285 0.9806090337043637
0.23680346635098942 0.9990707611868073 0.9767316920070486
0.23554051453045083 0.998451756125357 0.9760359365801685
0.2342775627099122 0.9980356224715282 0.9720968675163019
0.23301461088937359 0.9978469675637606 0.9631669773074847
0.231751659068835 0.9978878789366896 0.9522658769277665
0.23048870724829637 0.9981272169577513 0.9448445373036858
0.22922575542775778 0.9985059028342476 0.9441530694264212
0.22796280360721916 0.998946700394149 0.9479471828501145
0.22669985178668053 0.9993666816065223 0.9500381029241267
0.22543689996614194 0.9996907156983992 0.9444276926695006
0.22417394814560332 0.9998640120110603 0.9285989673787055
0.22291099632506473 0.9998616290976182 0.9068060065569417
0.2216480445045261 0.9996931058721537 0.8886740980914785
0.22038509268398748 0.9994010167891403 0.8825017718167716
0.2191221408634489 0.9990532346165111 0.8892233823758323
0.21785918904291027 0.998729840112253 0.8991025376602704
0.21659623722237167 0.9985067360857396 0.8970494178336114
0.21533328540183305 0.9984388949475059 0.8759100195761733
0.21407033358129443 0.9985466230265043 0.8423815260644618
0.21280738176075584 0.998808132752658 0.8117266288270498
0.21154442994021722 0.9991609761443678 0.7933760947200235
0.21028147811967862 0.9995134503421087 0.783386559755285
0.20901852629914 0.999764982809324 0.7770589659568136
0.20775557447860138 0.9998319989031252 0.7729509419041583
0.20649262265806279 0.9996734234397897 0.7588649261134174
0.20522967083752416 0.999308573347907 0.7254265861799659
0.20396671901698557 0.9988205688632118 0.6867796686867719
0.20270376719644695 0.9983409801143073 0.6530529248260813
0.20144081537590833 0.9980160525817621 0.6267708655079043
0.20017786355536973 0.9979606720862868 0.6091019484292919
0.1989149117348311 0.9982119215395862 0.5771839250577991
0.19765195991429252 0.9986980442253343 0.5404989313036713
0.1963890080937539 0.9992389704420902 0.4778590274888305
0.19512605627321528 0.9995891884469966 0.45068808140786737
0.19386310445267668 0.9995211935719777 0.44470985100565247
0.19260015263213806 0.9989291867961649 0.43144815621738175
0.19133720081159947 0.9979138622639352 0.3922405823854931
0.19007424899106085 0.9967998820817694 0.3288587243682349
0.18881129717052225 0.9960476384794462 0.2829756926755971
0.18754834534998363 0.9960539442534035 0.23952735651573703
0.186285393529445 0.9968876332488612 0.18970141246323205
0.18502244170890642 0.998060597218416 0.1703933186938149
0.1837594898883678 0.998447144385111 0.0864685420615014
0.1824965380678292 0.9960942437974057 0.0710619263365334
0.18123358624729058 0.9913911659142894 0.05961620195905305
0.17997063442675196 0.991920437695668 0.01728076839126685
0.17870768260621336 0.994477356140854 0.013281413112141191
0.17744473078567474 0.9970360835800263 0.005030808394733973
0.17618177896513615 0.9978036303397414 0.001297900708160289
0.17491882714459753 0.9966156039228996 0.0024368232021211252
0.1736558753240589 0.9950399333709329 0.00039063101675890585
0.1723929235035203 0.9947989724958408 0.00018427265423159788
0.1711299716829817 0.9958986234261412 2.8555273408587043e-06
0.1698670198624431 0.996937707136884 5.587646166595136e-07
0.16860406804190448 0.9967994443249004 1.1227457026853392e-07
0.16734111622136585 0.9957631986015906 3.4656260531745466e-08
0.16607816440082726 0.9959221036892771 1.226449497322864e-08
0.16481521258028864 0.9953852209132515 4.7357925379123644e-09
0.16355226075975005 0.9956408248436857 1.9533189734297044e-09
0.16228930893921142 0.9946779090312445 8.498007436090324e-10
0.1610263571186728 0.993435472872037 3.866249350610736e-10
0.1597634052981342 0.9845635026842986 1.8278619647789088e-10
0.1585004534775956 0.9533739484813597 8.936296714307686e-11
0.157237501657057 0.8942144145052219 4.5003025668519184e-11
0.15597454983651837 0.8035982068514166 2.327091877654549e-11
0.15471159801597978 0.6180733765783568 1.232310877666143e-11
0.15344864619544116 0.4951950341099265 6.667831527160085e-12
0.15218569437490254 0.34515283295718063 3.6793065532192254e-12
0.15092274255436394 0.17816281301209697 2.066960014059354e-12
0.14965979073382532 0.09599639155182116 1.1804218557069252e-12
0.14839683891328673 0.0669144565611746 6.8439263320167e-13
0.1471338870927481 0.021283539715812937 4.0236090108366575e-13
0.14587093527220948 0.004753343309906092 2.396026648574431e-13
0.1446079834516709 0.0023393853923098875 1.4437386734282344e-13
0.14334503163113227 6.722246587979825e-05 8.793942130860105e-14
0.14208207981059368 6.808426943177832e-07 5.4095602421813696e-14
0.14081912799005505 3.5763007076664244e-06 3.357372144733323e-14
0.13955617616951643 1.7239399189147832e-07 2.1000712651016124e-14
0.13829322434897784 4.99365241632558e-10 1.3222424801760897e-14
0.13703027252843922 1.8701894144534072e-11 8.364831617641324e-15
0.13576732070790062 2.627114276095074e-13 5.300183586184491e-15
0.134504368887362 5.016114646207733e-14 3.3322248180785075e-15
0.13324141706682338 1.607915887001394e-14 1.9477691381540776e-15
0.1319784652462848 1.608275820624864e-13 1.2441449563850325e-15
0.13071551342574617 9.653230532051067e-16 8.116485802223867e-16
0.12945256160520757 4.777610178936018e-16 5.361625448521143e-16
0.12818960978466895 2.2354055297852054e-16 3.5766953795673665e-16
0.12692665796413033 9.236519208429105e-17 2.4061111670469023e-16
0.12566370614359174 3.9103729368784383e-17 1.630813073080351e-16
